0 26 38 0.452
1 38 48 0.150
2 38 20 0.225
3 20 8 0.210
4 38 18 0.311
5 18 6 0.210
6 46 34 0.210
7 46 36 0.309
8 36 38 0.437
9 48 20 0.168
10 48 40 0.275
11 40 23 0.400
12 23 41 0.400
13 41 49 0.275
14 49 21 0.168
15 21 9 0.210
16 21 39 0.219
17 49 39 0.150
18 39 19 0.359
19 19 7 0.160
20 39 27 0.445
21 37 39 0.446
22 37 47 0.309
23 47 35 0.210
24 36 51 0.193
25 51 12 0.481
26 12 2 0.210
27 12 52 0.148
28 52 28 0.210
29 51 10 0.200
30 10 42 0.090
31 42 0 0.120
32 0 29 0.090
33 51 24 0.325
34 24 14 0.080
35 4 14 0.210
36 40 15 0.115
37 15 4 0.210
38 41 17 0.115
39 17 5 0.210
40 5 16 0.210
41 16 25 0.080
42 24 22 0.400
43 22 25 0.400
44 23 22 0.615
45 50 37 0.193
46 50 25 0.325
47 50 11 0.200
48 11 45 0.090
49 45 1 0.120
50 1 32 0.090
51 50 13 0.524
52 13 3 0.160
53 13 53 0.100
54 53 33 0.210
55 24 43 0.339
56 43 30 0.210
57 24 54 0.480
58 44 25 0.339
59 44 31 0.210
60 55 25 0.480
61 42 20 1.061
62 45 21 1.061
63 43 20 1.152
64 44 21 1.152
65 26 56 0.175
66 27 57 0.175
67 43 58 0.210
68 44 59 0.210
69 58 24 0.192
70 59 25 0.192
