0, 0, 0, 0, 0
0, 0, 0, 5.62987, 5.62987
1071, 0, 0, 5.64036, 5.64036
2133, 0.412995, 0.235997, 5.06957, 5.31869
3192, 1.17999, 0.76699, 3.99947, 4.58121
4251, 1.65198, 1.00299, 3.34254, 4.25753
5312, 1.94698, 1.00299, 2.9335, 4.26539
6371, 2.06497, 1.00299, 2.77281, 4.27324
7439, 2.12397, 0.707991, 2.69484, 4.6963
8499, 1.94698, 0.530993, 2.94888, 4.95405
9558, 1.41598, 0.117999, 3.70162, 5.54443
10616, 0.943988, 0.0589993, 4.37271, 5.63764
11674, 0.707991, 0.0589993, 4.71288, 5.64798
12735, 0.648992, 0.0589993, 4.80456, 5.65831
13798, 0.471994, 0.117999, 5.06246, 5.58561
14859, 0.412995, 0.117999, 5.15475, 5.59579
15918, 0.412995, 0.117999, 5.16416, 5.60597
16977, 0.294996, 0.176998, 5.33964, 5.53311
18040, 0.294996, 0.176998, 5.34936, 5.54313
19151, 0.412995, 0.176998, 5.19299, 5.55316
20213, 0.353996, 0.235997, 5.28544, 5.48014
21273, 0.353996, 0.176998, 5.295, 5.57305
22333, 0.353996, 0.235997, 5.30456, 5.50004
23397, 0.294996, 0.235997, 5.39716, 5.50991
24461, 0.294996, 0.235997, 5.40688, 5.51978
25526, 0.235997, 0.176998, 5.41659, 5.52965
26586, 0.294996, 0.176998, 5.42631, 5.62256
27645, 0.294996, 0.176998, 5.43602, 5.63258
28705, 0.294996, 0.176998, 5.44574, 5.6426
29765, 0.235997, 0.176998, 5.53849, 5.65263
30825, 0.294996, 0.176998, 5.46532, 5.66265
31884, 0.294996, 0.176998, 5.47504, 5.67268
32945, 0.294996, 0.176998, 5.48475, 5.6827
34004, 0.353996, 0.117999, 5.41143, 5.77577
35063, 0.353996, 0.176998, 5.42099, 5.70291
36126, 0.353996, 0.117999, 5.43055, 5.79597
37186, 0.412995, 0.117999, 5.35707, 5.80615
38244, 0.353996, 0.176998, 5.44952, 5.73329
39303, 0.353996, 0.117999, 5.45908, 5.82636
40362, 0.353996, 0.176998, 5.46864, 5.7535
41421, 0.412995, 0.117999, 5.39516, 5.84656
42480, 0.353996, 0.117999, 5.48761, 5.85674
43539, 0.353996, 0.176998, 5.49717, 5.78388
44599, 0.353996, 0.176998, 5.50673, 5.7939
45659, 0.353996, 0.176998, 5.51629, 5.80393
46719, 0.353996, 0.176998, 5.52585, 5.81395
47777, 0.353996, 0.176998, 5.53541, 5.82398
48837, 0.353996, 0.235997, 5.54497, 5.75096
49896, 0.412995, 0.176998, 5.47149, 5.84387
50955, 0.412995, 0.235997, 5.4809, 5.77086
52014, 0.412995, 0.235997, 5.4903, 5.78073
53073, 0.412995, 0.235997, 5.49971, 5.7906
54132, 0.353996, 0.235997, 5.59215, 5.80047
55191, 0.412995, 0.235997, 5.51867, 5.81034
56250, 0.412995, 0.294996, 5.52808, 5.73717
57309, 0.412995, 0.294996, 5.53749, 5.74688
58368, 0.353996, 0.294996, 5.62993, 5.7566
59427, 0.294996, 0.294996, 5.72253, 5.76631
60486, 0.353996, 0.235997, 5.64921, 5.85907
61546, 0.353996, 0.235997, 5.57573, 5.7859
62605, 0.353996, 0.235997, 5.66817, 5.87865
63664, 0.353996, 0.235997, 5.67773, 5.88852
64723, 0.353996, 0.235997, 5.68729, 5.89839
65782, 0.353996, 0.235997, 5.69686, 5.90826
66841, 0.353996, 0.235997, 5.70642, 5.91813
67900, 0.294996, 0.235997, 5.79902, 5.928
68959, 0.353996, 0.294996, 5.72569, 5.85483
70018, 0.353996, 0.235997, 5.73525, 5.94759
71080, 0.353996, 0.235997, 5.74481, 5.95746
72143, 0.294996, 0.235997, 5.83741, 5.96733
73203, 0.294996, 0.176998, 5.84713, 6.06024
74263, 0.294996, 0.176998, 5.85684, 6.07026
75323, 0.235997, 0.176998, 5.9496, 6.08029
76388, 0.294996, 0.176998, 5.87643, 6.09031
77460, 0.294996, 0.176998, 5.88614, 6.10034
78520, 0.294996, 0.117999, 5.9789, 6.11036
79579, 0.235997, 0.176998, 5.98877, 6.12039
80642, 0.294996, 0.117999, 5.9156, 6.21345
81701, 0.235997, 0.176998, 6.00835, 6.14059
82760, 0.235997, 0.117999, 6.01822, 6.23366
83819, 0.235997, 0.176998, 6.02809, 6.1608
84880, 0.235997, 0.117999, 6.03796, 6.25386
85939, 0.235997, 0.117999, 6.04783, 6.26404
86998, 0.294996, 0.176998, 5.97466, 6.19118
88057, 0.235997, 0.117999, 6.06742, 6.28424
89117, 0.235997, 0.117999, 6.07729, 6.29442
90183, 0.235997, 0.117999, 6.08716, 6.3046
91283, 0.294996, 0.117999, 6.01399, 6.31478
92353, 0.235997, 0.176998, 6.10675, 6.24192
93414, 0.294996, 0.117999, 6.03358, 6.33499
94515, 0.235997, 0.117999, 6.12633, 6.34517
95574, 0.235997, 0.117999, 6.1362, 6.35534
96635, 0.353996, 0.117999, 5.97999, 6.36552
97695, 0.235997, 0.176998, 6.15563, 6.29266
98754, 0.294996, 0.0589993, 6.08246, 6.46877
99813, 0.235997, 0.117999, 6.17522, 6.39606
100874, 0.294996, 0.117999, 6.10205, 6.40624
101934, 0.353996, 0.117999, 6.02872, 6.41642
102993, 0.294996, 0.117999, 6.12132, 6.4266
104052, 0.353996, 0.117999, 6.048, 6.43678
105112, 0.294996, 0.176998, 6.1406, 6.36392
106171, 0.294996, 0.117999, 6.15031, 6.45698
107230, 0.235997, 0.176998, 6.24307, 6.38412
108290, 0.294996, 0.117999, 6.1699, 6.47719
109349, 0.235997, 0.176998, 6.26265, 6.40433
110408, 0.353996, 0.117999, 6.10644, 6.49739
111467, 0.294996, 0.117999, 6.19905, 6.50757
112527, 0.294996, 0.117999, 6.12572, 6.51775
113586, 0.235997, 0.117999, 6.30136, 6.52793
114645, 0.294996, 0.117999, 6.22819, 6.53811
115704, 0.235997, 0.117999, 6.32095, 6.54829
116763, 0.235997, 0.0589993, 6.33082, 6.64151
117822, 0.294996, 0, 6.25765, 6.73488
118881, 0.294996, 0.0589993, 6.26736, 6.66233
119940, 0.235997, 0.117999, 6.36012, 6.58963
120999, 0.235997, 0.0589993, 6.36999, 6.68285
122058, 0.235997, 0.0589993, 6.37986, 6.69318
123117, 0.235997, 0.0589993, 6.38973, 6.70351
124178, 0.235997, 0.0589993, 6.3996, 6.71385
125237, 0.294996, 0.117999, 6.32643, 6.64114
126296, 0.235997, 0.0589993, 6.41918, 6.73436
127356, 0.294996, 0.0589993, 6.34601, 6.7447
128415, 0.235997, 0.0589993, 6.43877, 6.75503
129474, 0.235997, 0.117999, 6.44864, 6.68232
130533, 0.235997, 0.0589993, 6.45851, 6.6925
131592, 0.294996, 0.117999, 6.38534, 6.70268
132652, 0.235997, 0.117999, 6.47809, 6.71286
133711, 0.235997, 0.0589993, 6.48796, 6.80608
134770, 0.294996, 0.117999, 6.41479, 6.73338
135829, 0.235997, 0.117999, 6.50755, 6.74356
136888, 0.294996, 0.117999, 6.43438, 6.75373
137947, 0.294996, 0.117999, 6.44409, 6.76391
139006, 0.294996, 0.117999, 6.45381, 6.77409
140065, 0.235997, 0.117999, 6.54656, 6.78427
141125, 0.235997, 0.117999, 6.55643, 6.79445
142184, 0.294996, 0.117999, 6.48326, 6.80463
143242, 0.294996, 0.117999, 6.49298, 6.81481
144301, 0.294996, 0.117999, 6.50269, 6.82499
145365, 0.353996, 0.176998, 6.42937, 6.75213
146426, 0.294996, 0.117999, 6.52197, 6.84519
147494, 0.294996, 0.176998, 6.53169, 6.85537
148556, 0.294996, 0.117999, 6.5414, 6.86555
149615, 0.294996, 0.176998, 6.55112, 6.79269
150674, 0.294996, 0.176998, 6.56083, 6.80272
151733, 0.353996, 0.176998, 6.48751, 6.81274
152794, 0.294996, 0.176998, 6.58011, 6.82277
153853, 0.294996, 0.176998, 6.58982, 6.83279
154912, 0.294996, 0.117999, 6.59954, 6.92586
155971, 0.294996, 0.176998, 6.60925, 6.853
157031, 0.294996, 0.176998, 6.61897, 6.86302
158090, 0.294996, 0.117999, 6.62868, 6.95609
159149, 0.294996, 0.176998, 6.6384, 6.88323
160209, 0.235997, 0.176998, 6.73115, 6.89325
161268, 0.353996, 0.176998, 6.57495, 6.90327
162327, 0.294996, 0.176998, 6.66755, 6.9133
163387, 0.294996, 0.176998, 6.67726, 6.92332
164446, 0.353996, 0.235997, 6.60394, 6.85031
165505, 0.294996, 0.235997, 6.69654, 6.86018
166564, 0.294996, 0.235997, 6.70625, 6.87005
167623, 0.353996, 0.176998, 6.63293, 6.96296
168683, 0.353996, 0.176998, 6.64249, 6.97298
169743, 0.294996, 0.176998, 6.73509, 6.98301
170802, 0.294996, 0.176998, 6.7448, 6.99303
171873, 0.412995, 0.176998, 6.58844, 7.00306
172950, 0.353996, 0.117999, 6.68089, 7.09612
174015, 0.353996, 0.117999, 6.69045, 7.1063
175082, 0.294996, 0.176998, 6.78305, 7.03344
176149, 0.353996, 0.235997, 6.70972, 6.96043
177208, 0.353996, 0.176998, 6.71928, 7.05334
178268, 0.294996, 0.176998, 6.81188, 7.06336
179326, 0.353996, 0.235997, 6.73856, 6.99035
180386, 0.353996, 0.176998, 6.74812, 7.08326
181477, 0.294996, 0.176998, 6.84072, 7.09328
182538, 0.294996, 0.176998, 6.76739, 7.1033
183598, 0.294996, 0.176998, 6.85999, 7.11333
184663, 0.353996, 0.176998, 6.78667, 7.12335
185731, 0.353996, 0.176998, 6.79623, 7.13338
186791, 0.294996, 0.235997, 6.88883, 7.06036
187850, 0.294996, 0.235997, 6.89855, 7.07023
188914, 0.353996, 0.176998, 6.82522, 7.16314
189974, 0.294996, 0.294996, 6.91782, 7.00709
191032, 0.353996, 0.176998, 6.8445, 7.18288
192091, 0.353996, 0.235997, 6.85406, 7.10987
193873, 0.353996, 0.235997, 6.86362, 7.11974
195024, 0.294996, 0.235997, 6.95622, 7.12961
196455, 0.353996, 0.235997, 6.8829, 7.22252
197667, 0.353996, 0.235997, 6.89246, 7.1495
198757, 0.294996, 0.235997, 6.98506, 7.15937
199871, 0.294996, 0.294996, 6.99477, 7.0862
200952, 0.353996, 0.235997, 6.92145, 7.17896
202023, 0.353996, 0.294996, 6.93101, 7.10579
203130, 0.294996, 0.294996, 7.02361, 7.1155
204314, 0.353996, 0.294996, 6.95028, 7.12522
205576, 0.353996, 0.235997, 6.95984, 7.21797
206662, 0.294996, 0.294996, 7.05244, 7.14481
207833, 0.353996, 0.353996, 6.97912, 7.07148
208915, 0.353996, 0.294996, 6.98868, 7.16408
209988, 0.294996, 0.294996, 7.08128, 7.1738
211073, 0.294996, 0.294996, 7.091, 7.18351
212692, 0.353996, 0.294996, 7.01767, 7.19323
214235, 0.294996, 0.294996, 7.11027, 7.20294
215323, 0.353996, 0.235997, 7.03695, 7.2957
216398, 0.353996, 0.353996, 7.04651, 7.13949
217478, 0.353996, 0.353996, 7.05607, 7.23209
218546, 0.412995, 0.353996, 6.98259, 7.15876
219611, 0.412995, 0.294996, 6.992, 7.25136
220679, 0.412995, 0.353996, 7.0014, 7.17804
224184, 0.412995, 0.294996, 7.01081, 7.27064
225266, 0.412995, 0.294996, 7.02021, 7.28036
226346, 0.412995, 0.294996, 7.02962, 7.29007
227419, 0.412995, 0.294996, 7.03902, 7.29979
228497, 0.353996, 0.353996, 7.04843, 7.14342
229582, 0.471994, 0.412995, 6.9748, 7.15283
230664, 0.353996, 0.353996, 7.15013, 7.24527
231743, 0.353996, 0.353996, 7.15969, 7.25483
232825, 0.471994, 0.412995, 7.00317, 7.18135
233903, 0.412995, 0.353996, 7.09546, 7.2738
234977, 0.471994, 0.412995, 7.02183, 7.20032
236050, 0.471994, 0.353996, 7.03108, 7.29277
237132, 0.471994, 0.353996, 7.04033, 7.30233
238208, 0.412995, 0.353996, 7.13262, 7.31189
239277, 0.412995, 0.353996, 7.14203, 7.32145
240341, 0.412995, 0.353996, 7.15143, 7.33101
241402, 0.471994, 0.353996, 7.0778, 7.34057
242461, 0.412995, 0.353996, 7.17009, 7.35013
243519, 0.471994, 0.353996, 7.09645, 7.35969
244577, 0.412995, 0.353996, 7.18875, 7.36925
245635, 0.412995, 0.412995, 7.19815, 7.29577
246694, 0.353996, 0.353996, 7.2906, 7.38822
247751, 0.412995, 0.353996, 7.21712, 7.39778
248824, 0.412995, 0.412995, 7.22652, 7.3243
249894, 0.412995, 0.353996, 7.23593, 7.41674
250956, 0.471994, 0.412995, 7.1623, 7.34327
252019, 0.471994, 0.412995, 7.17155, 7.35267
253079, 0.471994, 0.412995, 7.1808, 7.36208
254140, 0.412995, 0.412995, 7.27309, 7.37148
255201, 0.471994, 0.471994, 7.19946, 7.29785
256324, 0.471994, 0.412995, 7.20871, 7.39014
257397, 0.530993, 0.412995, 7.13492, 7.39955
258464, 0.471994, 0.412995, 7.22705, 7.40895
259530, 0.471994, 0.412995, 7.15327, 7.41836
260592, 0.530993, 0.471994, 7.16236, 7.34472
261651, 0.471994, 0.353996, 7.2545, 7.52005
262709, 0.471994, 0.471994, 7.26375, 7.36354
263768, 0.471994, 0.471994, 7.273, 7.37279
264829, 0.530993, 0.471994, 7.19921, 7.38204
265889, 0.530993, 0.471994, 7.20831, 7.39129
266949, 0.589993, 0.412995, 7.13437, 7.48358
268009, 0.530993, 0.471994, 7.22635, 7.40995
269069, 0.530993, 0.471994, 7.23544, 7.4192
270129, 0.471994, 0.471994, 7.32758, 7.42845
271188, 0.530993, 0.471994, 7.25379, 7.4377
272249, 0.530993, 0.471994, 7.26289, 7.44695
273309, 0.648992, 0.530993, 7.1059, 7.37316
274369, 0.589993, 0.471994, 7.19773, 7.4653
275427, 0.589993, 0.530993, 7.20667, 7.39151
276487, 0.589993, 0.530993, 7.21561, 7.40061
277547, 0.471994, 0.530993, 7.3076, 7.49274
278606, 0.530993, 0.471994, 7.31669, 7.50199
279666, 0.589993, 0.530993, 7.24275, 7.42821
280727, 0.530993, 0.530993, 7.33473, 7.4373
281785, 0.648992, 0.471994, 7.17775, 7.52944
282851, 0.648992, 0.530993, 7.18654, 7.45565
283912, 0.648992, 0.530993, 7.19532, 7.46475
284970, 0.648992, 0.530993, 7.20411, 7.47384
286029, 0.589993, 0.530993, 7.29594, 7.48294
287087, 0.707991, 0.589993, 7.1388, 7.409
288130, 0.648992, 0.530993, 7.23047, 7.50098
289189, 0.707991, 0.589993, 7.15622, 7.42703
290247, 0.707991, 0.589993, 7.16485, 7.43598
291305, 0.707991, 0.648992, 7.17348, 7.36188
292363, 0.707991, 0.589993, 7.18211, 7.45371
293421, 0.648992, 0.530993, 7.27379, 7.54569
294479, 0.648992, 0.589993, 7.28257, 7.47174
295537, 0.707991, 0.648992, 7.20832, 7.48069
296597, 0.648992, 0.589993, 7.29999, 7.48963
297657, 0.707991, 0.530993, 7.22574, 7.58161
298717, 0.76699, 0.589993, 7.15133, 7.50767
299777, 0.76699, 0.589993, 7.15981, 7.51661
300838, 0.76699, 0.589993, 7.16829, 7.52555
301898, 0.707991, 0.530993, 7.25981, 7.61753
302957, 0.76699, 0.412995, 7.1854, 7.79271
304016, 0.76699, 0.471994, 7.19388, 7.71907
305076, 0.707991, 0.589993, 7.28539, 7.56224
306135, 0.707991, 0.530993, 7.29403, 7.65423
307195, 0.707991, 0.589993, 7.30266, 7.58028
308255, 0.76699, 0.648992, 7.22825, 7.50618
309314, 0.707991, 0.648992, 7.31977, 7.51497
310374, 0.76699, 0.707991, 7.24536, 7.44072
311433, 0.76699, 0.648992, 7.25384, 7.53239
312493, 0.76699, 0.707991, 7.26232, 7.45814
313552, 0.707991, 0.648992, 7.35383, 7.46677
314611, 0.707991, 0.707991, 7.36247, 7.4754
315670, 0.76699, 0.648992, 7.28806, 7.56707
316731, 0.82599, 0.707991, 7.2135, 7.49282
317791, 0.943988, 0.648992, 7.05574, 7.58449
318851, 0.943988, 0.648992, 7.06375, 7.59328
319910, 0.943988, 0.648992, 7.07177, 7.60207
320971, 0.884989, 0.707991, 7.16282, 7.52782
322031, 0.76699, 0.648992, 7.33707, 7.61949
323090, 0.82599, 0.648992, 7.26251, 7.62827
324155, 0.82599, 0.648992, 7.27083, 7.63706
325226, 1.00299, 0.707991, 7.03003, 7.56281
326295, 1.00299, 0.648992, 7.03789, 7.65448
327356, 1.06199, 0.648992, 6.96271, 7.66327
328420, 1.00299, 0.707991, 7.05345, 7.58902
329480, 0.943988, 0.648992, 7.14435, 7.68069
330539, 0.707991, 0.707991, 7.23541, 7.5234
331598, 0.82599, 0.707991, 7.32661, 7.61491
332658, 0.82599, 0.707991, 7.33494, 7.62354
333718, 0.884989, 0.707991, 7.26022, 7.63218
334777, 1.06199, 0.76699, 7.01927, 7.55777
335836, 1.00299, 0.707991, 7.11001, 7.64929
336895, 1.00299, 0.707991, 7.11787, 7.65792
337955, 1.00299, 0.76699, 7.12573, 7.58351
339014, 1.06199, 0.76699, 7.05055, 7.59199
340092, 1.06199, 0.76699, 7.05825, 7.60047
341167, 1.06199, 0.76699, 7.06596, 7.60895
342232, 1.06199, 0.76699, 7.07366, 7.61742
343300, 1.12099, 0.76699, 6.99833, 7.6259
344362, 1.17999, 0.76699, 6.92284, 7.63438
345422, 1.17999, 0.76699, 6.93023, 7.64286
346481, 1.06199, 0.76699, 7.1037, 7.65133
347541, 1.06199, 0.76699, 7.02837, 7.65981
348601, 1.12099, 0.76699, 7.03592, 7.66829
349661, 1.06199, 0.82599, 7.12651, 7.59373
350734, 1.06199, 0.884989, 7.13421, 7.51901
351799, 1.12099, 0.943988, 7.05888, 7.44414
352864, 1.06199, 0.884989, 7.14947, 7.53519
353923, 1.17999, 0.76699, 6.99109, 7.70944
354983, 1.17999, 0.76699, 6.99848, 7.71792
356043, 1.23898, 0.76699, 6.92284, 7.72639
357103, 1.23898, 0.82599, 6.93008, 7.65183
358162, 1.12099, 0.76699, 7.1034, 7.74319
359221, 1.17999, 0.707991, 7.02791, 7.83471
360280, 1.12099, 0.707991, 7.11834, 7.84334
361339, 1.12099, 0.707991, 7.12589, 7.85198
362398, 1.17999, 0.76699, 7.0504, 7.77757
363457, 1.12099, 0.76699, 7.14084, 7.78605
364516, 1.17999, 0.82599, 7.06535, 7.79452
365575, 1.17999, 0.82599, 7.07274, 7.71996
366634, 1.17999, 0.76699, 7.08014, 7.81133
367693, 1.23898, 0.82599, 7.00449, 7.73676
368754, 1.23898, 0.82599, 7.01173, 7.74509
369813, 1.35698, 0.76699, 6.85289, 7.83645
370873, 1.35698, 0.76699, 6.85982, 7.84493
371932, 1.35698, 0.707991, 6.86675, 7.93644
372993, 1.35698, 0.707991, 6.87368, 7.94508
374051, 1.35698, 0.76699, 6.88061, 7.87067
375110, 1.29798, 0.76699, 6.97058, 7.87915
376171, 1.29798, 0.82599, 6.97767, 7.80458
377230, 1.35698, 0.76699, 6.90171, 7.89595
378289, 1.29798, 0.82599, 6.99168, 7.82139
379349, 1.41598, 0.76699, 6.83269, 7.91275
380408, 1.41598, 0.82599, 6.83947, 7.83819
381466, 1.41598, 0.943988, 6.84624, 7.68043
382524, 1.41598, 0.943988, 6.85302, 7.68844
383582, 1.41598, 0.943988, 6.85979, 7.69646
384641, 1.47498, 0.943988, 6.78353, 7.70447
385701, 1.47498, 0.943988, 6.79015, 7.71248
386761, 1.47498, 0.943988, 6.79677, 7.7205
387820, 1.41598, 0.884989, 6.88643, 7.81155
388881, 1.47498, 0.884989, 6.81017, 7.81972
389940, 1.41598, 0.76699, 6.89983, 7.99397
390998, 1.53398, 0.82599, 6.74053, 7.9194
392056, 1.47498, 0.82599, 6.83003, 7.92773
393247, 1.47498, 0.82599, 6.83665, 7.93605
394309, 1.53398, 0.82599, 6.76024, 7.94437
395367, 1.53398, 0.82599, 6.7667, 7.9527
396425, 1.53398, 0.82599, 6.77317, 7.96102
397484, 1.47498, 0.76699, 6.86267, 8.05238
398542, 1.53398, 0.82599, 6.8693, 7.97782
399600, 1.53398, 0.943988, 6.79288, 7.82006
400659, 1.53398, 0.884989, 6.79934, 7.91112
401717, 1.47498, 0.884989, 6.88885, 7.91928
402775, 1.53398, 0.884989, 6.81243, 7.92745
403833, 1.53398, 1.00299, 6.8189, 7.76954
404891, 1.47498, 0.943988, 6.9084, 7.86044
405950, 1.53398, 0.943988, 6.83199, 7.86845
407008, 1.65198, 0.943988, 6.67237, 7.87647
408066, 1.59298, 0.943988, 6.76157, 7.88448
409132, 1.65198, 1.00299, 6.68484, 7.80945
410192, 1.71098, 0.943988, 6.60796, 7.90035
411259, 1.65198, 1.00299, 6.697, 7.82533
412325, 1.71098, 1.00299, 6.62012, 7.83318
413384, 1.71098, 1.00299, 6.62612, 7.84104
414443, 1.71098, 1.12099, 6.63212, 7.68282
415503, 1.71098, 1.17999, 6.63812, 7.60733
416564, 1.71098, 1.17999, 6.64413, 7.61473
417623, 1.71098, 1.17999, 6.65013, 7.62212
418695, 1.71098, 1.17999, 6.65613, 7.62952
419767, 1.71098, 1.12099, 6.66213, 7.71995
420833, 1.71098, 1.12099, 6.66814, 7.7275
421896, 1.71098, 1.12099, 6.67414, 7.73505
422956, 1.76998, 1.17999, 6.5971, 7.65956
424016, 1.71098, 1.17999, 6.68599, 7.66695
425078, 1.65198, 1.17999, 6.77503, 7.67435
426138, 1.71098, 1.23898, 6.69815, 7.5987
427198, 1.71098, 1.23898, 6.70415, 7.60594
428257, 1.71098, 1.17999, 6.71015, 7.69622
429316, 1.76998, 1.29798, 6.63311, 7.53754
430375, 1.71098, 1.23898, 6.722, 7.62766
431434, 1.71098, 1.23898, 6.728, 7.6349
432495, 1.76998, 1.17999, 6.65097, 7.72518
433554, 1.71098, 1.23898, 6.73985, 7.64954
434613, 1.71098, 1.29798, 6.74586, 7.57374
435672, 1.65198, 1.35698, 6.8349, 7.49778
436731, 1.71098, 1.35698, 6.75802, 7.50472
437791, 1.82898, 1.41598, 6.59794, 7.42861
438851, 1.82898, 1.41598, 6.60363, 7.43538
439910, 1.82898, 1.35698, 6.60932, 7.5252
440971, 1.82898, 1.41598, 6.61502, 7.44909
442030, 1.82898, 1.41598, 6.62071, 7.45586
443089, 1.88798, 1.41598, 6.54336, 7.46264
444149, 1.88798, 1.35698, 6.5489, 7.55246
445208, 1.94698, 1.41598, 6.4714, 7.47635
446268, 1.94698, 1.41598, 6.47678, 7.48312
447327, 1.94698, 1.47498, 6.48217, 7.40686
448387, 1.94698, 1.47498, 6.48755, 7.41348
449446, 1.88798, 1.53398, 6.57597, 7.33706
450507, 1.94698, 1.47498, 6.49847, 7.42657
451567, 1.88798, 1.41598, 6.5869, 7.51623
452626, 1.94698, 1.47498, 6.50939, 7.43996
453685, 1.88798, 1.47498, 6.59782, 7.44659
454745, 1.94698, 1.47498, 6.52032, 7.45321
455803, 1.76998, 1.59298, 6.77482, 7.29375
456864, 1.82898, 1.65198, 6.69763, 7.21702
457924, 1.88798, 1.65198, 6.62028, 7.22318
458983, 1.88798, 1.59298, 6.62582, 7.31237
460043, 1.94698, 1.65198, 6.54832, 7.23565
461102, 1.88798, 1.65198, 6.63674, 7.2418
462161, 1.94698, 1.59298, 6.55924, 7.331
463219, 1.94698, 1.59298, 6.56462, 7.33731
464281, 1.88798, 1.59298, 6.65304, 7.34362
465341, 1.82898, 1.53398, 6.74162, 7.43297
466400, 1.88798, 1.53398, 6.66428, 7.43944
467460, 1.82898, 1.59298, 6.75285, 7.36287
468522, 1.94698, 1.59298, 6.59247, 7.36918
469581, 2.00597, 1.65198, 6.51481, 7.29245
470640, 2.00597, 1.65198, 6.52004, 7.29861
471700, 2.06497, 1.76998, 6.44223, 7.13869
472760, 1.94698, 1.82898, 6.61338, 7.06149
473819, 1.94698, 1.82898, 6.61877, 7.06719
474879, 2.00597, 1.88798, 6.54111, 6.98984
475938, 2.12397, 1.88798, 6.38026, 6.99538
476998, 2.06497, 1.82898, 6.46822, 7.08396
478057, 2.12397, 1.94698, 6.39025, 6.92357
479116, 2.06497, 1.94698, 6.47821, 6.92895
480177, 2.12397, 1.88798, 6.40025, 7.01738
481236, 2.12397, 1.94698, 6.40516, 6.93988
482296, 2.12397, 1.94698, 6.41008, 6.94526
483355, 2.18297, 1.94698, 6.33196, 6.95064
484415, 2.24197, 1.94698, 6.25369, 6.95603
485475, 2.30097, 2.06497, 6.17526, 6.79533
486534, 2.30097, 2.12397, 6.17971, 6.8004
487593, 2.12397, 2.12397, 6.43329, 6.72244
488653, 2.18297, 2.18297, 6.35517, 6.64432
489713, 2.18297, 2.12397, 6.35993, 6.73212
490772, 2.18297, 2.06497, 6.3647, 6.82008
491831, 2.12397, 2.00597, 6.4525, 6.90819
492891, 2.30097, 2.00597, 6.2083, 6.91342
493951, 2.30097, 2.00597, 6.21276, 6.91865
495011, 2.35997, 2.00597, 6.13417, 6.92388
496070, 2.30097, 2.00597, 6.22151, 6.92911
497129, 2.35997, 2.00597, 6.14293, 6.93434
498188, 2.41897, 2.06497, 6.06419, 6.85653
499247, 2.35997, 2.00597, 6.15137, 6.94464
500306, 2.35997, 2.06497, 6.15568, 6.86683
501366, 2.30097, 2.12397, 6.24302, 6.78887
502425, 2.35997, 2.18297, 6.16443, 6.71074
503484, 2.35997, 2.18297, 6.16873, 6.71551
504544, 2.35997, 2.18297, 6.08999, 6.80331
505603, 2.41897, 2.18297, 6.09414, 6.72519
506668, 2.35997, 2.06497, 6.18132, 6.89604
507730, 2.47797, 2.12397, 6.01954, 6.81807
508791, 2.41897, 2.12397, 6.10658, 6.82299
509851, 2.47797, 2.12397, 6.02768, 6.82791
510910, 2.47797, 2.12397, 6.03167, 6.83283
511969, 2.47797, 2.12397, 6.03566, 6.83775
513029, 2.41897, 2.24197, 6.12269, 6.67659
514089, 2.41897, 2.24197, 6.12684, 6.6812
515148, 2.41897, 2.30097, 6.13099, 6.60277
516209, 2.41897, 2.35997, 6.13513, 6.52418
517268, 2.41897, 2.41897, 6.13928, 6.44545
518327, 2.41897, 2.41897, 6.14342, 6.44959
519387, 2.41897, 2.47797, 6.14757, 6.3707
520448, 2.41897, 2.41897, 6.15172, 6.45773
521507, 2.35997, 2.41897, 6.2389, 6.46187
522566, 2.47797, 2.41897, 6.07712, 6.46602
523625, 2.47797, 2.41897, 6.08111, 6.47017
524685, 2.47797, 2.35997, 6.0851, 6.55735
525751, 2.41897, 2.35997, 6.17213, 6.56165
526825, 2.47797, 2.35997, 6.09324, 6.56595
527893, 2.47797, 2.41897, 6.09723, 6.48721
528961, 2.59597, 2.41897, 5.93514, 6.49136
530020, 2.65497, 2.47797, 5.85579, 6.41247
531079, 2.65497, 2.47797, 5.85931, 6.41646
532138, 2.65497, 2.53697, 5.86284, 6.33741
533199, 2.71397, 2.47797, 5.78333, 6.42428
534257, 2.65497, 2.65497, 5.86974, 6.17916
535317, 2.71397, 2.59597, 5.79023, 6.26572
536376, 2.71397, 2.71397, 5.7936, 6.10332
537436, 2.65497, 2.65497, 5.88001, 6.18974
538496, 2.65497, 2.71397, 5.88354, 6.11022
539555, 2.65497, 2.71397, 5.88706, 6.19664
540614, 2.71397, 2.65497, 5.80755, 6.20016
541672, 2.71397, 2.71397, 5.81092, 6.12065
542746, 2.65497, 2.65497, 5.89734, 6.20706
543819, 2.71397, 2.65497, 5.81782, 6.21059
544888, 2.77297, 2.59597, 5.73816, 6.29716
545950, 2.77297, 2.65497, 5.74137, 6.2178
547008, 2.77297, 2.65497, 5.74459, 6.22132
548066, 2.77297, 2.71397, 5.74781, 6.14181
549125, 2.89096, 2.71397, 5.58495, 6.14518
550183, 2.83196, 2.65497, 5.67089, 6.2316
551241, 2.89096, 2.65497, 5.59092, 6.23512
552305, 2.89096, 2.65497, 5.59383, 6.23865
553373, 2.89096, 2.71397, 5.59673, 6.15914
554434, 2.83196, 2.65497, 5.68268, 6.24555
555493, 2.77297, 2.71397, 5.76878, 6.16604
556554, 2.77297, 2.71397, 5.68896, 6.08637
557612, 2.71397, 2.83196, 5.8581, 6.00655
558672, 2.77297, 2.83196, 5.77844, 6.00961
559731, 2.71397, 2.83196, 5.86469, 6.01267
560791, 2.83196, 2.77297, 5.70199, 6.09878
561850, 2.89096, 2.83196, 5.62201, 6.01895
562909, 2.83196, 2.77297, 5.70796, 6.10506
563968, 2.83196, 2.94996, 5.71102, 5.85915
565027, 2.83196, 2.94996, 5.71408, 5.86191
566086, 2.83196, 2.94996, 5.71715, 5.86466
567145, 2.89096, 2.89096, 5.63717, 5.95045
568206, 3.00896, 2.89096, 5.474, 5.95336
569266, 2.94996, 2.89096, 5.55964, 5.95627
570325, 2.94996, 2.71397, 5.56239, 6.2083
571384, 2.94996, 2.65497, 5.56514, 6.29471
572444, 2.94996, 2.59597, 5.5679, 6.38128
573503, 2.89096, 2.53697, 5.65369, 6.468
574563, 2.77297, 2.53697, 5.82268, 6.47183
575623, 2.77297, 2.65497, 5.8259, 6.30959
576684, 2.83196, 2.71397, 5.74607, 6.23008
577744, 2.77297, 2.71397, 5.83218, 6.23345
578803, 2.89096, 2.71397, 5.66931, 6.23682
579862, 2.83196, 2.71397, 5.75526, 6.24019
580921, 2.89096, 2.71397, 5.67528, 6.24357
581981, 2.83196, 2.65497, 5.76123, 6.32998
583039, 2.83196, 2.71397, 5.7643, 6.25047
584099, 2.89096, 2.71397, 5.68432, 6.25384
585157, 2.77297, 2.71397, 5.85331, 6.25721
586215, 2.83196, 2.77297, 5.77348, 6.17754
587274, 2.83196, 2.77297, 5.77655, 6.18076
588333, 2.83196, 2.71397, 5.77961, 6.26702
589392, 2.89096, 2.77297, 5.69963, 6.18735
590450, 2.89096, 2.77297, 5.70254, 6.19057
591508, 2.89096, 2.77297, 5.70545, 6.19379
592572, 2.94996, 2.83196, 5.62532, 6.11396
593637, 2.94996, 2.77297, 5.62807, 6.20007
594700, 2.89096, 2.77297, 5.71386, 6.20328
595760, 2.77297, 2.89096, 5.88285, 6.04042
596818, 2.83196, 2.94996, 5.80303, 5.96029
597877, 2.94996, 2.89096, 5.64001, 6.04608
598935, 3.06796, 2.89096, 5.47669, 6.04899
599993, 3.00896, 2.83196, 5.56217, 6.13494
601052, 3.00896, 2.77297, 5.56477, 6.22104
602110, 2.94996, 2.83196, 5.65041, 6.14122
603169, 2.89096, 2.89096, 5.7362, 6.06124
604227, 2.89096, 2.89096, 5.73911, 6.06415
605285, 2.89096, 2.94996, 5.74202, 5.98402
606343, 2.89096, 3.00896, 5.74493, 5.90373
607401, 2.94996, 3.00896, 5.66479, 5.90633
608461, 3.00896, 3.12696, 5.58451, 5.74285
609521, 2.94996, 3.00896, 5.67015, 5.82818
610580, 3.00896, 3.06796, 5.58986, 5.83062
611639, 3.00896, 3.06796, 5.59246, 5.83307
612699, 3.12696, 3.06796, 5.42898, 5.83551
613759, 3.12696, 3.00896, 5.43127, 5.921
614819, 3.06796, 3.06796, 5.5166, 5.84056
615878, 3.06796, 3.18596, 5.51904, 5.67692
616938, 3.12696, 3.18596, 5.43844, 5.67905
617998, 3.12696, 3.12696, 5.44073, 5.76423
619057, 3.12696, 3.06796, 5.44302, 5.84956
620116, 3.12696, 3.12696, 5.44531, 5.76896
621175, 3.06796, 3.18596, 5.53064, 5.68821
622234, 3.06796, 3.18596, 5.53309, 5.69035
623293, 3.18596, 3.24496, 5.36945, 5.60944
624353, 3.12696, 3.18596, 5.45462, 5.69446
625412, 3.12696, 3.18596, 5.45691, 5.6966
626471, 3.06796, 3.18596, 5.54224, 5.69873
627531, 3.06796, 3.12696, 5.54469, 5.70086
628590, 3.12696, 3.12696, 5.46409, 5.78604
629649, 3.12696, 3.18596, 5.46638, 5.70529
630708, 3.18596, 3.18596, 5.38563, 5.70742
631767, 3.18596, 3.18596, 5.38776, 5.70956
632827, 3.24496, 3.24496, 5.30686, 5.62865
633886, 3.24496, 3.18596, 5.30884, 5.71367
634945, 3.18596, 3.18596, 5.39386, 5.71581
636004, 3.06796, 3.24496, 5.56207, 5.6349
637064, 3.06796, 3.24496, 5.56452, 5.63688
638124, 3.00896, 3.24496, 5.65, 5.63886
639183, 2.89096, 3.30396, 5.81868, 5.5578
640243, 2.89096, 3.36296, 5.82159, 5.47659
641303, 2.83196, 3.30396, 5.90753, 5.5613
642361, 3.00896, 3.24496, 5.66148, 5.64616
643420, 3.18596, 3.30396, 5.41496, 5.5651
644480, 3.12696, 3.24496, 5.50013, 5.64997
645539, 3.12696, 3.24496, 5.41938, 5.65195
646598, 3.18596, 3.24496, 5.42152, 5.65393
647657, 3.18596, 3.18596, 5.42365, 5.73895
648716, 3.18596, 3.24496, 5.42579, 5.65804
649775, 3.12696, 3.18596, 5.51096, 5.74306
650834, 3.12696, 3.18596, 5.51325, 5.7452
651894, 3.18596, 3.24496, 5.4325, 5.66429
652955, 3.24496, 3.18596, 5.35159, 5.74931
654015, 3.24496, 3.24496, 5.35357, 5.6684
655074, 3.24496, 3.36296, 5.35555, 5.50431
656136, 3.24496, 3.42196, 5.35753, 5.42294
657195, 3.24496, 3.42196, 5.35951, 5.42445
658255, 3.24496, 3.48096, 5.36149, 5.34293
659315, 3.24496, 3.53996, 5.36347, 5.26125
660376, 3.30396, 3.48096, 5.28241, 5.3455
661434, 3.24496, 3.42196, 5.36728, 5.4299
662493, 3.30396, 3.42196, 5.28622, 5.43141
663552, 3.36296, 3.48096, 5.28804, 5.34989
664613, 3.30396, 3.48096, 5.28987, 5.35125
665672, 3.42196, 3.42196, 5.12561, 5.43565
666731, 3.48096, 3.48096, 5.04409, 5.35413
667790, 3.42196, 3.42196, 5.12849, 5.43853
668850, 3.42196, 3.48096, 5.13001, 5.357
669909, 3.42196, 3.42196, 5.13152, 5.4414
670968, 3.42196, 3.53996, 5.13304, 5.27684
672028, 3.42196, 3.48096, 5.13455, 5.36109
673089, 3.42196, 3.59895, 5.13607, 5.19637
674149, 3.42196, 3.59895, 5.13759, 5.19742
675209, 3.42196, 3.53996, 5.1391, 5.28151
676268, 3.48096, 3.59895, 5.05758, 5.19968
677327, 3.42196, 3.53996, 5.14198, 5.28377
678386, 3.42196, 3.36296, 5.14349, 5.53409
679445, 3.42196, 3.18596, 5.14501, 5.78488
680504, 3.42196, 3.18596, 5.14653, 5.78702
681564, 3.24496, 3.12696, 5.39716, 5.78915
682624, 3.24496, 3.12696, 5.39914, 5.87433
683683, 3.24496, 3.18596, 5.40112, 5.79358
684742, 3.18596, 3.12696, 5.48614, 5.87875
685802, 3.18596, 3.18596, 5.48827, 5.798
686860, 3.24496, 3.12696, 5.40737, 5.88317
687919, 3.18596, 3.06796, 5.49239, 5.9685
688978, 3.30396, 3.18596, 5.32844, 5.80487
690037, 3.30396, 3.12696, 5.33027, 5.89004
691096, 3.36296, 3.24496, 5.24905, 5.72625
692157, 3.24496, 3.12696, 5.4168, 5.89431
693216, 3.36296, 3.24496, 5.2527, 5.73052
694276, 3.36296, 3.18596, 5.25438, 5.81554
695335, 3.36296, 3.30396, 5.25605, 5.6516
696395, 3.30396, 3.30396, 5.34076, 5.65342
697455, 3.24496, 3.24496, 5.42562, 5.73829
698514, 3.36296, 3.24496, 5.26152, 5.74027
699573, 3.30396, 3.24496, 5.34623, 5.74225
700633, 3.24496, 3.18596, 5.4311, 5.82727
701692, 3.24496, 3.18596, 5.43308, 5.8294
702757, 3.30396, 3.18596, 5.35202, 5.83153
703820, 3.36296, 3.24496, 5.2708, 5.75063
704880, 3.24496, 3.24496, 5.43855, 5.75261
705940, 3.30396, 3.24496, 5.35749, 5.75459
706999, 3.30396, 3.24496, 5.35932, 5.75657
708059, 3.36296, 3.24496, 5.2781, 5.75855
709119, 3.30396, 3.36296, 5.36281, 5.59445
710178, 3.36296, 3.30396, 5.2816, 5.67916
711238, 3.30396, 3.36296, 5.36631, 5.59795
712297, 3.30396, 3.36296, 5.36813, 5.59962
713357, 3.36296, 3.53996, 5.28692, 5.35217
714417, 3.36296, 3.48096, 5.28859, 5.43641
715476, 3.36296, 3.42196, 5.29026, 5.52081
716536, 3.42196, 3.36296, 5.20889, 5.52233
717594, 3.53996, 3.36296, 5.04433, 5.60689
718654, 3.42196, 3.48096, 5.21161, 5.44248
719712, 3.53996, 3.30396, 5.04705, 5.69296
720772, 3.53996, 3.30396, 5.04826, 5.69478
721831, 3.48096, 3.36296, 5.1325, 5.61357
722890, 3.48096, 3.42196, 5.13386, 5.5322
723949, 3.53996, 3.30396, 5.05218, 5.69979
725009, 3.59895, 3.30396, 4.97035, 5.70162
726068, 3.48096, 3.36296, 5.13748, 5.6204
727128, 3.48096, 3.42196, 5.13884, 5.53903
728192, 3.53996, 3.48096, 5.05716, 5.45751
729278, 3.65795, 3.42196, 4.89229, 5.54191
730369, 3.65795, 3.48096, 4.89319, 5.46039
731433, 3.71695, 3.48096, 4.81105, 5.46175
732499, 3.65795, 3.42196, 4.89483, 5.54615
733568, 3.59895, 3.30396, 4.89572, 5.71374
734630, 3.53996, 3.36296, 5.0627, 5.63253
735690, 3.53996, 3.53996, 5.06391, 5.38508
736750, 3.59895, 3.53996, 4.98207, 5.38629
737810, 3.53996, 3.42196, 5.06616, 5.55357
738868, 3.53996, 3.42196, 5.06737, 5.55509
739928, 3.53996, 3.48096, 5.06858, 5.47356
740987, 3.36296, 3.48096, 5.3189, 5.47493
742047, 3.42196, 3.48096, 5.23753, 5.47629
743106, 3.30396, 3.48096, 5.40513, 5.47765
744166, 3.24496, 3.48096, 5.48999, 5.47901
745226, 3.30396, 3.48096, 5.40893, 5.48037
746285, 3.48096, 3.53996, 5.16164, 5.39869
747345, 3.48096, 3.42196, 5.163, 5.56598
748404, 3.42196, 3.48096, 5.2474, 5.48445
749464, 3.36296, 3.42196, 5.33196, 5.56885
750523, 3.36296, 3.42196, 5.33363, 5.57037
751583, 3.42196, 3.36296, 5.25226, 5.65492
752642, 3.42196, 3.36296, 5.25377, 5.6566
753701, 3.48096, 3.48096, 5.17225, 5.49219
754760, 3.53996, 3.36296, 5.09057, 5.65963
755819, 3.59895, 3.36296, 5.00874, 5.6613
756879, 3.53996, 3.36296, 5.09283, 5.66297
757939, 3.48096, 3.48096, 5.17707, 5.49856
758998, 3.59895, 3.42196, 5.01236, 5.58296
760079, 3.65795, 3.48096, 4.93037, 5.50144
761159, 3.59895, 3.53996, 5.01431, 5.41976
762531, 3.65795, 3.65795, 5.01536, 5.33792
763603, 3.71695, 3.53996, 4.85033, 5.42202
764666, 3.65795, 3.59895, 4.93411, 5.34018
765726, 3.65795, 3.65795, 4.93501, 5.25819
766785, 3.59895, 3.65795, 5.01894, 5.25909
767844, 3.59895, 3.71695, 5.02, 5.17695
768903, 3.65795, 3.53996, 4.93801, 5.42681
769972, 3.59895, 3.65795, 5.02194, 5.26194
771042, 3.59895, 3.59895, 5.023, 5.34587
772103, 3.65795, 3.53996, 4.94101, 5.42996
773163, 3.65795, 3.59895, 4.94191, 5.34813
774222, 3.71695, 3.53996, 4.85976, 5.43222
775281, 3.71695, 3.71695, 4.8605, 5.18431
776340, 3.77595, 3.59895, 4.77821, 5.35113
777399, 3.77595, 3.59895, 4.77879, 5.35218
778458, 3.71695, 3.53996, 4.86242, 5.43627
779517, 3.65795, 3.53996, 4.9462, 5.43748
780576, 3.65795, 3.48096, 4.78102, 5.52173
781636, 3.59895, 3.48096, 5.03073, 5.52309
782695, 3.53996, 3.48096, 5.11482, 5.52445
783755, 3.59895, 3.53996, 5.03299, 5.44277
784815, 3.53996, 3.48096, 5.11708, 5.52702
785873, 3.53996, 3.42196, 5.11828, 5.61142
786932, 3.53996, 3.42196, 5.11949, 5.61293
787991, 3.59895, 3.48096, 5.03766, 5.53141
789050, 3.65795, 3.48096, 4.95567, 5.53277
790110, 3.53996, 3.36296, 5.12264, 5.70021
791169, 3.65795, 3.48096, 4.95777, 5.5358
792228, 3.59895, 3.42196, 5.04171, 5.6202
793510, 3.48096, 3.42196, 5.20884, 5.53868
794572, 3.30396, 3.48096, 5.2102, 5.54004
795630, 3.36296, 3.53996, 5.37764, 5.45836
796689, 3.36296, 3.59895, 5.37931, 5.37653
797747, 3.59895, 3.53996, 5.04882, 5.46062
798806, 3.59895, 3.65795, 5.04987, 5.29575
799864, 3.53996, 3.59895, 5.13397, 5.37968
800922, 3.48096, 3.65795, 5.21821, 5.29769
801980, 3.36296, 3.59895, 5.38565, 5.38163
803038, 3.42196, 3.59895, 5.30428, 5.38268
804096, 3.42196, 3.59895, 5.3058, 5.38373
805155, 3.42196, 3.71695, 5.30731, 5.21871
806213, 3.42196, 3.59895, 5.30883, 5.38553
807279, 3.48096, 3.59895, 5.22731, 5.38658
808339, 3.48096, 3.71695, 5.22867, 5.22155
809398, 3.48096, 3.65795, 5.23003, 5.30533
810457, 3.48096, 3.65795, 5.23139, 5.30623
811515, 3.48096, 3.71695, 5.23275, 5.22409
812577, 3.48096, 3.83495, 5.23411, 5.05875
813637, 3.59895, 3.89395, 5.06939, 4.97614
814697, 3.53996, 3.83495, 5.15348, 5.05946
815756, 3.53996, 3.89395, 5.15469, 4.97685
816815, 3.53996, 3.83495, 5.1559, 5.06017
817875, 3.53996, 3.71695, 5.1571, 5.22668
818933, 3.59895, 3.65795, 5.07527, 5.31047
819992, 3.53996, 3.71695, 5.15936, 5.22832
821051, 3.53996, 3.65795, 5.16057, 5.3121
822111, 3.53996, 3.71695, 5.16177, 5.22996
823169, 3.59895, 3.71695, 5.07994, 5.2307
824228, 3.59895, 3.77595, 5.08099, 5.14841
825288, 3.53996, 3.77595, 5.16508, 5.14899
826348, 3.59895, 3.77595, 5.08325, 5.14958
827407, 3.65795, 3.83495, 5.00126, 5.06713
828466, 3.65795, 3.89395, 5.00216, 4.98452
829525, 3.65795, 4.01195, 5.00306, 4.81872
830584, 3.77595, 3.89395, 4.83787, 4.98477
831643, 3.71695, 3.95295, 4.9215, 4.90201
832703, 3.71695, 4.07095, 4.92224, 4.73605
833762, 3.65795, 4.01195, 5.00603, 4.81891
834822, 3.71695, 3.95295, 4.92388, 4.90191
835882, 3.77595, 4.01195, 4.84158, 4.819
836941, 3.71695, 4.01195, 4.92521, 4.81897
838000, 3.65795, 3.95295, 5.00899, 4.90198
839059, 3.77595, 3.95295, 4.84381, 4.9021
840119, 3.71695, 4.01195, 4.92744, 4.81918
841179, 3.77595, 4.01195, 4.84514, 4.81915
842237, 3.71695, 3.95295, 4.92877, 4.90216
843296, 3.71695, 3.89395, 4.92951, 4.98532
844355, 3.71695, 3.83495, 4.93025, 5.06864
845414, 3.65795, 3.83495, 5.01403, 5.06907
846473, 3.59895, 3.83495, 5.09797, 5.06951
847532, 3.59895, 3.71695, 5.09902, 5.23602
848591, 3.53996, 3.59895, 5.18311, 5.40284
849650, 3.48096, 3.48096, 5.26736, 5.56997
850709, 3.48096, 3.53996, 5.26872, 5.48829
851768, 3.71695, 3.59895, 4.93792, 5.40646
852827, 3.59895, 3.59895, 5.10474, 5.40751
853886, 3.59895, 3.65795, 5.1058, 5.32552
854945, 3.59895, 3.59895, 5.10685, 5.40946
856004, 3.65795, 3.71695, 5.02486, 5.24443
857067, 3.71695, 3.77595, 4.94272, 5.16213
858127, 3.77595, 3.71695, 4.86042, 5.24576
859186, 3.71695, 3.71695, 4.94405, 5.2465
860245, 3.83495, 3.71695, 4.77871, 5.24724
861305, 3.77595, 3.83495, 4.86218, 5.08191
862373, 3.71695, 3.71695, 4.94581, 5.24842
863435, 3.71695, 3.77595, 4.94655, 5.16612
864495, 3.77595, 3.71695, 4.86425, 5.24975
865554, 3.71695, 3.65795, 4.86484, 5.33353
866614, 3.71695, 3.53996, 4.94847, 5.50051
867673, 3.77595, 3.53996, 4.86617, 5.50171
868732, 3.83495, 3.53996, 4.78372, 5.50292
869792, 3.71695, 3.48096, 4.95023, 5.58717
870850, 3.65795, 3.48096, 5.03401, 5.58853
871909, 3.71695, 3.48096, 4.95187, 5.58989
872968, 3.59895, 3.53996, 5.11869, 5.50821
874027, 3.53996, 3.53996, 5.20278, 5.50942
875086, 3.59895, 3.53996, 5.12095, 5.51062
876145, 3.59895, 3.65795, 5.122, 5.34575
877204, 3.71695, 3.71695, 4.95697, 5.26361
878263, 3.77595, 3.71695, 4.87468, 5.26435
879322, 3.77595, 3.71695, 4.87526, 5.26509
880381, 3.83495, 3.71695, 4.79281, 5.26583
881440, 3.77595, 3.71695, 4.87628, 5.26658
882499, 3.71695, 3.65795, 4.95991, 5.35036
883557, 3.71695, 3.59895, 4.96065, 5.35125
884616, 3.77595, 3.71695, 4.87836, 5.26911
885675, 3.71695, 3.77595, 4.96198, 5.18681
886734, 3.77595, 3.71695, 4.87969, 5.27044
887793, 3.71695, 3.65795, 4.96331, 5.35422
888853, 3.83495, 3.83495, 4.79798, 5.106
889912, 3.71695, 3.83495, 4.96449, 5.10643
890972, 3.71695, 3.77595, 4.96523, 5.18991
892031, 3.83495, 3.77595, 4.79989, 5.19049
893090, 3.83495, 3.89395, 4.80033, 5.025
894149, 3.77595, 3.89395, 4.8838, 5.02528
895208, 3.71695, 3.83495, 4.96743, 5.1086
896267, 3.77595, 3.89395, 4.88513, 5.02599
897326, 3.71695, 3.89395, 4.96876, 5.02627
898385, 3.65795, 3.89395, 5.05254, 5.02655
899444, 3.65795, 3.83495, 5.05343, 5.10986
900503, 3.65795, 3.77595, 5.05433, 5.19334
901562, 3.59895, 3.71695, 5.05523, 5.19392
902621, 3.59895, 3.71695, 5.13916, 5.27755
903680, 3.53996, 3.65795, 5.22326, 5.36133
904739, 3.53996, 3.71695, 5.22446, 5.27919
905799, 3.59895, 3.77595, 5.14263, 5.19689
906858, 3.48096, 3.71695, 5.30976, 5.28052
907916, 3.53996, 3.65795, 5.22808, 5.3643
908975, 3.53996, 3.77595, 5.22929, 5.19912
910034, 3.48096, 3.71695, 5.31353, 5.28275
911102, 3.48096, 3.71695, 5.31489, 5.28349
912179, 3.42196, 3.71695, 5.3993, 5.28423
913292, 3.48096, 3.77595, 5.31777, 5.20193
914374, 3.42196, 3.77595, 5.40217, 5.20252
915440, 3.30396, 3.71695, 5.56977, 5.28615
916504, 3.36296, 3.71695, 5.48855, 5.28689
917570, 3.48096, 3.71695, 5.40718, 5.28763
918633, 3.42196, 3.71695, 5.4087, 5.28838
919695, 3.36296, 3.71695, 5.49325, 5.28912
920756, 3.42196, 3.77595, 5.41189, 5.20682
921819, 3.42196, 3.83495, 5.4134, 5.12437
922883, 3.36296, 3.77595, 5.49796, 5.20784
923944, 3.24496, 3.77595, 5.66571, 5.20843
925006, 3.18596, 3.89395, 5.75073, 5.04294
926068, 3.12696, 3.95295, 5.8359, 4.96017
927129, 3.24496, 3.89395, 5.67211, 5.04334
928192, 3.24496, 3.89395, 5.67409, 5.04362
929259, 3.24496, 3.95295, 5.67607, 4.96085
930323, 3.42196, 4.01195, 5.42893, 4.87794
931386, 3.42196, 3.83495, 5.43045, 5.12703
932454, 3.48096, 3.89395, 5.34892, 5.04442
933528, 3.30396, 3.95295, 5.51636, 4.87862
934701, 3.30396, 3.95295, 5.60107, 4.96163
935770, 3.30396, 4.01195, 5.6029, 4.87871
936832, 3.30396, 4.01195, 5.60472, 4.87868
937894, 3.30396, 4.01195, 5.60655, 4.87865
938956, 3.30396, 3.95295, 5.60837, 4.96166
940017, 3.36296, 4.07095, 5.52716, 4.7957
941079, 3.36296, 4.07095, 5.52883, 4.79551
942140, 3.30396, 3.95295, 5.61354, 4.96141
943202, 3.30396, 3.89395, 5.61536, 5.04457
944262, 3.24496, 3.95295, 5.70023, 4.96181
945322, 3.36296, 3.83495, 5.53613, 5.12801
946383, 3.30396, 3.83495, 5.62084, 5.12844
947444, 3.30396, 3.77595, 5.62267, 5.21192
948504, 3.30396, 3.89395, 5.62449, 5.04642
949565, 3.42196, 3.95295, 5.54328, 4.96366
950626, 3.42196, 3.95295, 5.46191, 4.96379
951687, 3.36296, 4.07095, 5.54646, 4.79783
952748, 3.30396, 4.07095, 5.63117, 4.79764
953809, 3.36296, 3.95295, 5.54996, 4.96354
954877, 3.30396, 4.07095, 5.63467, 4.79758
955939, 3.30396, 3.95295, 5.63649, 4.96347
957000, 3.24496, 3.95295, 5.72136, 4.9636
958061, 3.24496, 3.83495, 5.72334, 5.1298
959121, 3.24496, 3.71695, 5.72532, 5.29631
960181, 3.30396, 3.71695, 5.64426, 5.29705
961247, 3.24496, 3.65795, 5.72912, 5.38084
962319, 3.24496, 3.59895, 5.7311, 5.46477
963383, 3.30396, 3.53996, 5.65004, 5.54886
964444, 3.30396, 3.59895, 5.65187, 5.46703
965504, 3.24496, 3.53996, 5.73673, 5.55112
966564, 3.06796, 3.59895, 5.90479, 5.46929
967625, 3.12696, 3.71695, 5.90708, 5.30426
968686, 3.06796, 3.77595, 5.99241, 5.22196
969746, 3.00896, 3.71695, 6.07789, 5.30559
970806, 2.94996, 3.71695, 6.16353, 5.30633
971865, 3.00896, 3.77595, 6.08325, 5.22404
972926, 3.06796, 3.71695, 6.0028, 5.30766
973985, 3.00896, 3.77595, 6.08829, 5.22537
975044, 2.94996, 3.71695, 6.17393, 5.30899
976103, 3.00896, 3.77595, 6.09364, 5.2267
977165, 2.94996, 3.77595, 6.17928, 5.22728
978227, 3.06796, 3.77595, 6.01595, 5.22787
979286, 3.00896, 3.71695, 6.10144, 5.3115
980355, 3.06796, 3.77595, 6.021, 5.2292
981439, 3.00896, 3.77595, 6.10648, 5.22979
982514, 3.06796, 3.77595, 6.02604, 5.23037
983591, 3.12696, 3.83495, 5.94544, 5.14792
984662, 3.06796, 3.89395, 6.03077, 5.06532
985725, 3.06796, 3.77595, 6.03322, 5.23167
986786, 3.06796, 3.83495, 6.03566, 5.14922
987847, 3.12696, 3.89395, 5.95506, 5.06661
988908, 3.12696, 3.89395, 5.95735, 5.06689
989970, 3.12696, 3.89395, 5.95964, 5.06717
991029, 3.06796, 3.89395, 6.04497, 5.06745
992089, 3.18596, 3.95295, 5.88134, 4.98469
993150, 3.12696, 3.83495, 5.96651, 5.15089
994310, 3.12696, 3.77595, 5.9688, 5.23436
995375, 3.18596, 3.71695, 5.88805, 5.31799
996435, 3.18596, 3.83495, 5.89018, 5.15265
997495, 3.24496, 3.77595, 5.80928, 5.23612
998554, 3.24496, 3.83495, 5.81126, 5.23671
1001503, 3.24496, 3.95295, 5.7302, 5.07122
1002598, 3.30396, 4.07095, 5.73202, 4.82238
1004364, 3.18596, 4.07095, 5.89993, 4.82219
1005442, 3.24496, 3.95295, 5.81902, 4.98809
1008537, 3.30396, 3.77595, 5.73796, 5.23733
1009825, 3.18596, 3.77595, 5.90587, 5.23792
1010924, 3.30396, 3.83495, 5.74192, 5.15546
1012251, 3.18596, 3.89395, 5.90983, 5.07286
1013348, 3.06796, 3.89395, 6.07804, 5.07314
1014461, 3.06796, 3.89395, 6.08049, 5.07341
1015558, 3.12696, 3.95295, 5.99989, 4.99065
1016641, 3.06796, 3.89395, 6.08522, 5.07382
1017745, 3.12696, 3.89395, 6.00462, 5.07409
1018819, 3.06796, 3.83495, 6.08995, 5.15741
1019913, 3.12696, 3.95295, 6.00936, 4.99176
1021026, 3.12696, 3.89395, 6.01165, 5.07493
1022112, 3.12696, 3.89395, 6.01394, 5.07521
1023193, 3.18596, 3.89395, 5.93319, 5.07548
1024260, 3.24496, 4.01195, 5.85228, 4.90968
1025336, 3.24496, 3.89395, 5.85426, 5.07573
1026411, 3.30396, 4.01195, 5.7732, 4.90993
1027488, 3.12696, 4.01195, 6.02414, 4.9099
1028556, 3.18596, 3.89395, 5.94339, 5.07595
1029633, 3.18596, 3.95295, 5.94553, 4.99318
1030710, 3.24496, 4.01195, 5.86462, 4.91027
1031788, 3.12696, 3.89395, 6.03268, 5.07632
1032860, 3.18596, 3.77595, 5.95193, 5.24267
1033939, 3.18596, 3.83495, 5.95407, 5.16022
1035018, 3.30396, 3.83495, 5.79012, 5.16065
1036096, 3.24496, 3.83495, 5.87499, 5.16109
1037170, 3.30396, 3.83495, 5.79393, 5.16152
1038247, 3.24496, 3.83495, 5.87879, 5.16195
1039325, 3.30396, 3.89395, 5.79773, 5.07935
1040389, 3.36296, 3.89395, 5.71652, 5.07962
1041470, 3.42196, 3.95295, 5.63515, 4.99686
1042690, 3.42196, 4.01195, 5.63666, 4.91395
1043792, 3.59895, 4.01195, 5.38906, 4.91391
1047913, 3.48096, 3.71695, 5.55619, 5.32908
1049014, 3.42196, 3.71695, 5.64059, 5.32982
1050106, 3.53996, 3.77595, 5.47603, 5.24753
1051698, 3.53996, 3.83495, 5.47724, 5.16507
1052796, 3.59895, 3.83495, 5.3954, 5.16551
1053888, 3.59895, 3.89395, 5.39645, 5.0829
1054983, 3.59895, 3.89395, 5.39751, 5.08318
1059013, 3.65795, 3.83495, 5.31552, 5.1665
1060954, 3.59895, 3.77595, 5.39945, 5.24997
1062044, 3.59895, 3.83495, 5.40051, 5.16752
1063118, 3.42196, 3.83495, 5.65068, 5.16795
1064417, 3.30396, 3.71695, 5.81827, 5.33446
1065752, 3.36296, 3.83495, 5.73706, 5.16912
1066842, 3.42196, 3.83495, 5.65569, 5.16956
1067967, 3.36296, 3.77595, 5.74024, 5.25303
1069098, 3.48096, 3.77595, 5.57583, 5.25362
1070216, 3.48096, 3.83495, 5.5772, 5.17116
1071306, 3.53996, 3.77595, 5.49552, 5.25464
1072400, 3.30396, 3.83495, 5.82888, 5.17218
1074267, 3.24496, 3.95295, 5.91375, 5.00654
1075348, 3.24496, 3.95295, 5.91573, 5.00666
1076416, 3.24496, 4.07095, 5.91771, 4.84071
1078489, 3.36296, 3.95295, 5.75361, 4.84052
1079571, 3.42196, 4.01195, 5.5892, 4.92337
1080641, 3.36296, 4.01195, 5.75664, 4.92334
1081712, 3.24496, 4.01195, 5.92439, 4.92331
1082784, 3.24496, 3.95295, 5.92637, 5.00632
1083851, 3.24496, 4.01195, 5.92835, 4.9234
1084915, 3.24496, 4.01195, 5.93033, 4.92337
1085986, 3.18596, 4.01195, 6.01535, 4.92334
1087053, 3.24496, 3.89395, 5.93444, 5.08939
1088120, 3.30396, 3.89395, 5.85338, 5.08967
1089191, 3.30396, 3.89395, 5.85521, 5.08994
1090259, 3.30396, 3.95295, 5.85703, 5.00718
1091329, 3.36296, 3.95295, 5.77582, 5.00731
1092401, 3.36296, 3.95295, 5.77749, 5.00743
1093473, 3.42196, 4.01195, 5.69612, 4.92451
1094538, 3.36296, 4.01195, 5.69764, 4.92448
1095606, 3.42196, 3.95295, 5.69915, 5.00749
1096671, 3.42196, 4.01195, 5.70067, 4.92457
1097745, 3.42196, 3.95295, 5.70218, 5.00758
1098818, 3.42196, 4.01195, 5.7037, 4.92467
1099887, 3.36296, 4.07095, 5.78825, 4.84159
1100955, 3.42196, 4.07095, 5.70688, 4.84141
1102028, 3.42196, 4.07095, 5.7084, 4.84122
1103102, 3.48096, 4.07095, 5.62688, 4.84104
1104179, 3.36296, 4.07095, 5.79432, 4.84085
1105252, 3.48096, 4.12995, 5.62991, 4.75762
1106323, 3.48096, 4.01195, 5.63127, 4.92336
1107392, 3.42196, 4.12995, 5.71567, 4.75725
1108457, 3.53996, 4.07095, 5.55111, 4.83995
1109529, 3.42196, 4.07095, 5.71839, 4.92281
1110599, 3.59895, 4.07095, 5.47079, 4.83973
1111669, 3.48096, 4.07095, 5.63792, 4.83955
1112745, 3.42196, 4.18895, 5.72232, 4.67328
1113820, 3.48096, 4.12995, 5.6408, 4.75583
1114893, 3.36296, 4.07095, 5.80824, 4.83853
1115970, 3.36296, 4.12995, 5.80991, 4.7553
1117042, 3.30396, 3.95295, 5.89462, 5.00408
1118116, 3.24496, 3.95295, 5.97948, 5.0042
1119256, 3.24496, 3.95295, 5.98146, 5.00433
1120362, 3.18596, 3.95295, 6.06648, 5.00445
1121511, 3.12696, 3.89395, 6.06862, 5.08761
1122641, 3.06796, 3.89395, 6.23683, 5.08789
1123803, 3.12696, 3.95295, 6.15623, 5.00513
1124955, 3.12696, 3.89395, 6.15852, 5.08829
1126054, 3.12696, 3.95295, 6.16081, 5.00553
1127157, 3.06796, 4.01195, 6.24614, 4.92261
1128240, 3.18596, 3.95295, 6.08251, 5.00562
1129356, 3.12696, 3.83495, 6.16768, 5.17182
1130600, 3.12696, 3.77595, 6.16997, 5.2553
1131672, 3.06796, 3.59895, 6.2553, 5.505
1132797, 3.12696, 3.59895, 6.1747, 5.50605
1133925, 3.06796, 3.65795, 6.26003, 5.42407
1135024, 3.06796, 3.77595, 6.26248, 5.25888
1136097, 3.06796, 3.77595, 6.26492, 5.25947
1137158, 3.00896, 3.71695, 6.3504, 5.3431
1138217, 3.00896, 3.77595, 6.353, 5.2608
1139276, 3.06796, 3.83495, 6.27256, 5.17835
1140335, 3.00896, 3.89395, 6.35805, 5.09574
1141600, 3.12696, 3.89395, 6.19456, 5.09602
1142704, 3.06796, 3.95295, 6.27989, 5.01326
1143767, 3.12696, 3.89395, 6.1993, 5.09642
1144826, 3.12696, 3.89395, 6.20159, 5.0967
1145886, 3.12696, 3.95295, 6.20388, 5.01394
1146946, 3.12696, 4.01195, 6.20617, 4.93102
1148006, 3.18596, 3.95295, 6.12542, 5.01403
1149066, 3.12696, 3.83495, 6.21059, 5.18023
1150125, 3.06796, 3.89395, 6.29592, 5.09763
1151191, 3.06796, 3.95295, 6.29836, 5.01486
1152374, 3.06796, 3.89395, 6.30081, 5.09803
1153440, 3.18596, 3.89395, 6.13717, 5.09831
1154502, 3.24496, 3.89395, 6.05627, 5.09858
1155562, 3.30396, 3.89395, 6.05825, 5.09886
1156622, 3.24496, 3.95295, 6.06023, 5.0161
1157682, 3.18596, 3.95295, 6.14525, 5.01622
1158741, 3.30396, 4.01195, 5.9813, 4.93331
1159800, 3.24496, 4.01195, 6.06617, 4.93328
1160860, 3.24496, 4.07095, 6.06815, 4.85021
1161919, 3.42196, 4.12995, 5.82101, 4.76698
1162978, 3.48096, 4.12995, 5.73948, 4.76664
1164038, 3.53996, 4.12995, 5.6578, 4.7663
1165116, 3.48096, 4.12995, 5.74205, 4.76596
1166191, 3.53996, 4.18895, 5.66037, 4.68258
1167258, 3.53996, 4.12995, 5.66158, 4.76512
1168327, 3.42196, 4.01195, 5.82886, 4.93086
1169390, 3.36296, 4.12995, 5.91342, 4.76475
1170450, 3.36296, 4.07095, 5.91509, 4.84745
1171510, 3.30396, 4.07095, 5.9998, 4.84726
1172570, 3.24496, 4.12995, 6.00162, 4.84708
1173629, 3.18596, 4.12995, 6.16953, 4.76385
1174692, 3.18596, 4.07095, 6.17166, 4.84655
1175755, 3.18596, 4.12995, 6.1738, 4.76332
1176820, 3.24496, 4.12995, 6.09289, 4.76298
1177888, 3.18596, 4.07095, 6.17791, 4.84568
1178950, 3.18596, 4.01195, 6.18005, 4.92854
1180009, 3.30396, 4.07095, 6.0161, 4.84546
1181069, 3.30396, 4.12995, 6.01793, 4.76224
1182129, 3.30396, 4.07095, 6.01975, 4.84494
1183188, 3.24496, 4.07095, 6.10462, 4.84475
1184247, 3.30396, 4.12995, 6.02356, 4.76153
1185306, 3.30396, 4.12995, 6.02538, 4.76119
1186365, 3.30396, 4.12995, 6.02721, 4.76084
1187424, 3.30396, 4.12995, 6.02903, 4.7605
1188483, 3.36296, 4.12995, 5.94782, 4.76016
1189542, 3.30396, 4.12995, 6.03253, 4.59374
1190601, 3.30396, 4.18895, 6.03435, 4.67613
1191661, 3.30396, 4.18895, 6.03618, 4.67564
1192719, 3.24496, 4.12995, 6.12104, 4.75818
1193783, 3.30396, 4.18895, 6.03998, 4.6748
1194846, 3.30396, 4.18895, 6.04181, 4.67431
1195909, 3.24496, 4.12995, 6.12667, 4.75685
1196968, 3.18596, 4.07095, 6.21169, 4.83955
1198175, 3.24496, 4.12995, 6.13079, 4.75632
1199288, 3.24496, 4.18895, 6.13277, 4.67294
1200355, 3.24496, 4.12995, 6.13475, 4.75549
1201415, 3.30396, 4.12995, 6.05369, 4.75515
1202474, 3.30396, 4.12995, 6.05551, 4.7548
1203531, 3.36296, 4.18895, 5.9743, 4.67142
1204590, 3.36296, 4.12995, 5.97597, 4.75397
1205649, 3.36296, 4.18895, 5.97764, 4.67059
1206707, 3.30396, 4.12995, 6.06235, 4.75313
1207766, 3.36296, 4.07095, 5.98114, 4.83583
1208827, 3.30396, 4.12995, 6.06585, 4.75261
1209887, 3.30396, 4.12995, 6.06767, 4.75226
1210957, 3.18596, 4.07095, 6.23558, 4.83496
1212034, 3.24496, 4.07095, 6.15467, 4.83478
1213109, 3.30396, 3.95295, 6.07361, 5.00067
1214173, 3.24496, 3.95295, 6.15848, 5.00079
1215234, 3.30396, 3.83495, 6.07742, 5.167
1216295, 3.36296, 3.77595, 5.9962, 5.25047
1217354, 3.42196, 3.77595, 5.91483, 5.25106
1218413, 3.42196, 3.83495, 5.91635, 5.1686
1219473, 3.48096, 3.83495, 5.83482, 5.16904
1220534, 3.48096, 4.01195, 5.83619, 5.08643
1221593, 3.36296, 3.95295, 6.00363, 5.00367
1222652, 3.30396, 3.95295, 6.08834, 5.00379
1223711, 3.24496, 3.89395, 6.1732, 5.08696
1224775, 3.24496, 3.95295, 6.17518, 5.00419
1225837, 3.24496, 3.89395, 6.17716, 5.08736
1226965, 3.30396, 3.89395, 6.0961, 5.08763
1228027, 3.36296, 3.89395, 6.01489, 5.08791
1229088, 3.30396, 3.95295, 6.0996, 5.00515
1230148, 3.24496, 3.89395, 6.18446, 5.08831
1231208, 3.18596, 3.83495, 6.26948, 5.17163
1232268, 3.18596, 3.89395, 6.27161, 5.08903
1233328, 3.00896, 3.89395, 6.52287, 5.0893
1234388, 3.18596, 3.95295, 6.27635, 5.00654
1235447, 3.24496, 3.95295, 6.19544, 5.00667
1236507, 3.30396, 4.01195, 6.11438, 4.92375
1237566, 3.24496, 3.77595, 6.11621, 5.00676
1238626, 3.30396, 3.83495, 6.11803, 5.17296
1239685, 3.30396, 3.83495, 6.11986, 5.17339
1240744, 3.30396, 3.83495, 6.12168, 5.17383
1241803, 3.30396, 3.83495, 6.12351, 5.17426
1242861, 3.30396, 3.83495, 6.12533, 5.17469
1243920, 3.36296, 3.95295, 6.04412, 5.00904
1244981, 3.36296, 3.89395, 6.04579, 5.09221
1246041, 3.36296, 3.95295, 6.04746, 5.00945
1247101, 3.36296, 4.07095, 6.04913, 4.84349
1248162, 3.36296, 4.12995, 6.0508, 4.76026
1249222, 3.42196, 4.12995, 5.96943, 4.75992
1250281, 3.42196, 4.12995, 5.97095, 4.75958
1251340, 3.36296, 4.12995, 6.0555, 4.75924
1252400, 3.36296, 4.18895, 6.05717, 4.67586
1253460, 3.42196, 4.07095, 5.97581, 4.84145
1254520, 3.42196, 4.07095, 5.97732, 4.84126
1255579, 3.36296, 4.07095, 6.06188, 4.84107
1256639, 3.42196, 4.12995, 5.98051, 4.75785
1257698, 3.42196, 4.07095, 5.98202, 4.84055
1258757, 3.42196, 4.12995, 5.98354, 4.75732
1259814, 3.48096, 4.12995, 5.90201, 4.75698
1260882, 3.48096, 4.12995, 5.90338, 4.75664
1261946, 3.53996, 4.24795, 5.8217, 4.59022
1263005, 3.48096, 4.18895, 5.90594, 4.67261
1264065, 3.53996, 4.24795, 5.82426, 4.58907
1265125, 3.48096, 4.18895, 5.90851, 4.67146
1266184, 3.53996, 4.24795, 5.82683, 4.58793
1267244, 3.53996, 4.24795, 5.82804, 4.58728
1268304, 3.53996, 4.18895, 5.82924, 4.66967
1269363, 3.48096, 4.12995, 5.91349, 4.75221
1270422, 3.53996, 4.12995, 5.83181, 4.75187
1271481, 3.48096, 4.12995, 5.91606, 4.75153
1272542, 3.48096, 4.12995, 5.91742, 4.91727
1273602, 3.36296, 4.07095, 6.08486, 4.8342
1274661, 3.36296, 4.12995, 6.08653, 4.75097
1275721, 3.36296, 4.07095, 6.0882, 4.83367
1276841, 3.36296, 4.12995, 6.08987, 4.75045
1277910, 3.30396, 4.18895, 6.17458, 4.66707
1278974, 3.30396, 4.18895, 6.17641, 4.66657
1280036, 3.30396, 4.18895, 6.17823, 4.66607
1281096, 3.30396, 4.24795, 6.18006, 4.58254
1282155, 3.30396, 4.30695, 6.18188, 4.49885
1283311, 3.30396, 4.18895, 6.18371, 4.66412
1284448, 3.30396, 4.12995, 6.18553, 4.74667
1285513, 3.36296, 4.18895, 6.10432, 4.66329
1286572, 3.36296, 4.12995, 6.10599, 4.66279
1287629, 3.36296, 4.18895, 6.10766, 4.6623
1288688, 3.36296, 4.18895, 6.10933, 4.6618
1289748, 3.42196, 4.12995, 6.02796, 4.74435
1290807, 3.36296, 4.12995, 6.11251, 4.744
1291866, 3.36296, 4.18895, 6.11419, 4.66062
1292925, 3.42196, 4.24795, 6.03282, 4.57709
1293984, 3.36296, 4.12995, 6.11737, 4.74252
1295042, 3.36296, 4.12995, 6.11904, 4.74218
1296101, 3.36296, 3.95295, 6.12071, 4.99096
1297162, 3.30396, 3.95295, 6.20542, 4.99108
1298221, 3.42196, 3.83495, 6.04117, 5.15728
1299280, 3.42196, 3.83495, 6.04268, 5.15771
1300340, 3.30396, 3.89395, 6.21028, 5.07511
1301400, 3.42196, 3.89395, 6.04602, 5.07539
1302460, 3.53996, 3.95295, 5.88146, 4.99262
1303520, 3.53996, 4.07095, 5.88267, 4.82667
1304580, 3.53996, 4.01195, 5.96691, 4.90952
1305640, 3.48096, 4.01195, 5.96827, 4.90949
1306700, 3.53996, 4.07095, 5.8866, 4.82642
1307760, 3.53996, 4.12995, 5.8878, 4.74319
1308820, 3.53996, 4.07095, 5.88901, 4.82589
1309880, 3.59895, 4.07095, 5.80718, 4.82571
1310944, 3.53996, 4.07095, 5.89127, 4.82552
1312004, 3.59895, 4.01195, 5.80943, 4.90837
1313064, 3.59895, 4.01195, 5.81049, 4.90834
1314124, 3.59895, 4.01195, 5.81154, 4.90831
1315184, 3.53996, 3.95295, 5.89563, 4.99132
1316245, 3.65795, 4.01195, 5.73076, 4.9084
1317307, 3.59895, 3.95295, 5.81469, 4.99141
1318366, 3.53996, 4.01195, 5.89878, 4.9085
1319428, 3.59895, 4.01195, 5.81695, 4.90846
1320489, 3.59895, 4.01195, 5.818, 4.90843
1321554, 3.53996, 3.95295, 5.90209, 4.9084
1322632, 3.53996, 3.95295, 5.9033, 4.99141
1323710, 3.53996, 3.95295, 5.90451, 4.99153
1324779, 3.48096, 4.01195, 5.98875, 4.90862
1325862, 3.48096, 4.01195, 5.99011, 4.90859
1326938, 3.53996, 3.95295, 5.90843, 4.99159
1328014, 3.53996, 3.89395, 5.90964, 5.07476
1329089, 3.53996, 3.95295, 5.91085, 4.992
1330165, 3.53996, 4.01195, 5.91205, 4.90908
1331245, 3.53996, 3.83495, 5.91326, 5.15817
1332315, 3.48096, 3.95295, 5.9975, 4.99252
1333382, 3.48096, 4.01195, 5.99887, 4.9096
1334446, 3.48096, 4.07095, 6.00023, 4.82653
1335523, 3.48096, 3.95295, 6.00159, 4.99243
1336583, 3.48096, 3.95295, 6.00295, 4.99255
1337645, 3.53996, 3.95295, 5.92127, 4.99267
1338707, 3.48096, 3.95295, 6.00552, 4.9928
1339770, 3.48096, 3.89395, 6.00688, 5.07596
1340836, 3.48096, 3.95295, 6.00824, 4.9932
1341899, 3.48096, 3.95295, 6.0096, 4.99332
1342961, 3.53996, 3.83495, 5.92792, 5.15952
1344021, 3.53996, 3.83495, 5.92913, 5.15996
1345084, 3.53996, 3.89395, 5.93033, 5.07735
1346147, 3.65795, 3.83495, 5.76546, 5.16067
1347210, 3.59895, 3.89395, 5.8494, 5.07806
1348278, 3.59895, 3.83495, 5.85045, 5.16138
1349343, 3.65795, 3.83495, 5.76846, 5.16181
1350408, 3.65795, 3.77595, 5.76936, 5.24528
1351471, 3.59895, 3.77595, 5.85329, 5.24587
1352540, 3.71695, 3.89395, 5.85435, 5.16342
1353636, 3.65795, 3.89395, 5.77236, 5.08081
1354725, 3.65795, 3.89395, 5.77325, 5.08109
1355801, 3.71695, 3.95295, 5.69111, 4.99833
1356865, 3.83495, 3.89395, 5.52578, 5.08149
1358022, 3.83495, 3.83495, 5.52621, 5.16481
1359090, 3.89395, 3.71695, 5.4436, 5.33132
1360156, 3.77595, 3.83495, 5.60996, 5.16598
1361218, 3.89395, 3.83495, 5.44447, 5.16642
1362281, 3.89395, 3.83495, 5.44474, 5.16685
1363345, 3.83495, 3.77595, 5.52806, 5.25032
1364409, 3.71695, 3.89395, 5.69457, 5.08483
1365473, 3.77595, 3.89395, 5.61228, 5.08511
1366535, 3.77595, 3.89395, 5.61286, 5.08539
1367598, 3.59895, 4.01195, 5.86257, 4.91959
1368701, 3.59895, 4.07095, 5.86362, 4.83651
1372222, 3.59895, 3.95295, 5.86467, 5.00241
1373332, 3.59895, 3.89395, 5.86573, 5.08557
1374436, 3.65795, 3.83495, 5.78374, 5.16889
1375528, 3.53996, 4.01195, 5.78463, 5.00324
1376708, 3.65795, 4.01195, 5.78553, 4.92033
1377782, 3.71695, 4.01195, 5.70339, 4.92029
1379447, 3.65795, 4.01195, 5.78717, 4.92026
1380519, 3.65795, 3.95295, 5.78807, 4.83719
1381586, 3.83495, 3.95295, 5.53985, 5.00309
1382656, 3.71695, 3.89395, 5.70636, 5.08625
1383722, 3.71695, 3.83495, 5.7071, 5.16957
1384780, 3.71695, 3.83495, 5.70784, 5.17
1385839, 3.77595, 3.77595, 5.62554, 5.25347
1386897, 3.71695, 3.83495, 5.70917, 5.17102
1387955, 3.71695, 3.77595, 5.70991, 5.25449
1389014, 3.71695, 3.77595, 5.71066, 5.25508
1390072, 3.71695, 3.83495, 5.7114, 5.17263
1391130, 3.71695, 3.83495, 5.71214, 5.17306
1392153, 3.65795, 3.83495, 5.79592, 5.17349
1393214, 3.71695, 3.83495, 5.71378, 5.17393
1394280, 3.71695, 3.83495, 5.71452, 5.17436
1395340, 3.71695, 3.89395, 5.71526, 5.09175
1396402, 3.71695, 3.89395, 5.71601, 5.09203
1397462, 3.71695, 3.89395, 5.71675, 5.09231
1398521, 3.71695, 3.83495, 5.71749, 5.17562
1399579, 3.65795, 3.89395, 5.63519, 5.00998
1400638, 3.71695, 3.95295, 5.71882, 5.0101
1401696, 3.71695, 3.89395, 5.71956, 5.09326
1402755, 3.71695, 3.89395, 5.72031, 5.09354
1403812, 3.71695, 3.89395, 5.72105, 5.09382
1404871, 3.65795, 3.89395, 5.80483, 5.0941
1405930, 3.83495, 3.83495, 5.55661, 5.17742
1406987, 3.83495, 3.83495, 5.55704, 5.17785
1408045, 3.83495, 3.89395, 5.55747, 5.09524
1409106, 3.77595, 3.83495, 5.64095, 5.17856
1410165, 3.77595, 3.95295, 5.64153, 5.01291
1411224, 3.83495, 3.95295, 5.55908, 5.01304
1412284, 3.83495, 3.89395, 5.55951, 5.0962
1413344, 3.77595, 3.95295, 5.64299, 5.01344
1414402, 3.83495, 4.01195, 5.56053, 4.93052
1415461, 3.89395, 4.01195, 5.47793, 4.93049
1416521, 3.77595, 4.01195, 5.64428, 4.93046
1417580, 3.83495, 3.95295, 5.56183, 5.01347
1418640, 3.77595, 3.95295, 5.6453, 5.01359
1419699, 3.77595, 3.89395, 5.64589, 5.09675
1420758, 3.83495, 3.77595, 5.56344, 5.26311
1421817, 3.83495, 3.95295, 5.56387, 5.01458
1422876, 3.77595, 4.01195, 5.64734, 4.93166
1423934, 3.83495, 3.95295, 5.56489, 5.01467
1424995, 3.77595, 4.01195, 5.64837, 4.93176
1426054, 3.77595, 4.01195, 5.64895, 4.93172
1427113, 3.71695, 4.01195, 5.73258, 4.93169
1428173, 3.65795, 3.89395, 5.81636, 5.09774
1429237, 3.77595, 4.01195, 5.65118, 4.93194
1430299, 3.77595, 3.95295, 5.65177, 5.01495
1431358, 3.77595, 3.95295, 5.65235, 5.01507
1432418, 3.71695, 3.95295, 5.73598, 5.0152
1433477, 3.77595, 3.95295, 5.65368, 5.01532
1434537, 3.83495, 3.89395, 5.57123, 5.09848
1435596, 3.83495, 3.77595, 5.57166, 5.26484
1436656, 3.83495, 3.89395, 5.5721, 5.09935
1437716, 3.89395, 3.89395, 5.48949, 5.09963
1438775, 3.95295, 3.89395, 5.40673, 5.0999
1439835, 3.95295, 3.89395, 5.40685, 5.10018
1440895, 3.95295, 4.01195, 5.40698, 4.93438
1441955, 3.95295, 4.01195, 5.4071, 4.93435
1443522, 3.95295, 4.01195, 5.32418, 4.93432
1444592, 4.07095, 4.01195, 5.24111, 4.93429
1445653, 4.07095, 4.07095, 5.24093, 4.85122
1446713, 4.12995, 4.01195, 5.1577, 4.93407
1447773, 4.07095, 4.01195, 5.2404, 4.93404
1448833, 4.12995, 4.12995, 5.15717, 4.76793
1449893, 4.07095, 4.07095, 5.23987, 4.85063
1450953, 4.07095, 3.95295, 5.23969, 5.01652
1452012, 3.95295, 4.01195, 5.40558, 4.9336
1453071, 3.89395, 4.07095, 5.48874, 4.85053
1454129, 3.89395, 4.07095, 5.48902, 4.85035
1455191, 3.83495, 4.01195, 5.57234, 4.9332
1456361, 3.77595, 4.07095, 5.65581, 4.85013
1457439, 3.77595, 4.01195, 5.6564, 4.93298
1458505, 3.71695, 4.01195, 5.74003, 4.93295
1459566, 3.65795, 4.01195, 5.82381, 5.01596
1460627, 3.65795, 4.01195, 5.8247, 4.93304
1461687, 3.65795, 3.89395, 5.8256, 5.09909
1462746, 3.65795, 4.01195, 5.8265, 4.93329
1463805, 3.71695, 3.95295, 5.74436, 5.0163
1464865, 3.65795, 3.95295, 5.82814, 5.01642
1465925, 3.71695, 3.83495, 5.74599, 5.18262
1466986, 3.65795, 3.71695, 5.82978, 5.34914
1468045, 3.71695, 3.77595, 5.74763, 5.26684
1469105, 3.71695, 3.77595, 5.74838, 5.26743
1470165, 3.71695, 3.71695, 5.74912, 5.35105
1471225, 3.71695, 3.77595, 5.74986, 5.26876
1472285, 3.71695, 3.83495, 5.7506, 5.1863
1473345, 3.77595, 3.89395, 5.6683, 5.1037
1474406, 3.83495, 3.77595, 5.58585, 5.27005
1475465, 3.77595, 3.77595, 5.66933, 5.27064
1476525, 3.71695, 3.89395, 5.75295, 5.10515
1477584, 3.65795, 3.89395, 5.75369, 5.10543
1478643, 3.65795, 3.89395, 5.83748, 5.10571
1479709, 3.42196, 3.89395, 6.17053, 5.10598
1480771, 3.48096, 3.83495, 6.08901, 5.1893
1481831, 3.48096, 3.77595, 6.09037, 5.27277
1482892, 3.42196, 3.83495, 6.17477, 5.19032
1483952, 3.48096, 3.83495, 6.09325, 5.19075
1485012, 3.53996, 3.83495, 6.01157, 5.19119
1486072, 3.59895, 3.83495, 5.92973, 5.19162
1487132, 3.53996, 3.77595, 6.01383, 5.27509
1488192, 3.59895, 3.89395, 5.93199, 5.1096
1489253, 3.53996, 3.83495, 6.01608, 5.19292
1490313, 3.65795, 3.89395, 5.85121, 5.11031
1491373, 3.65795, 3.89395, 5.85211, 5.11059
1492433, 3.53996, 3.95295, 6.01908, 5.02783
1493493, 3.53996, 4.01195, 6.02029, 4.94491
1494552, 3.59895, 4.01195, 5.93846, 4.94488
1495611, 3.77595, 4.01195, 5.69039, 4.94485
1496671, 3.77595, 4.01195, 5.69098, 4.94482
1497731, 3.71695, 4.01195, 5.7746, 4.94479
1498790, 3.65795, 4.12995, 5.85839, 4.77868
1499849, 3.65795, 4.07095, 5.85928, 4.86138
1500910, 3.65795, 4.12995, 5.86018, 4.77815
1501970, 3.71695, 4.18895, 5.77804, 4.69477
1503031, 3.71695, 4.24795, 5.77878, 4.61123
1504091, 3.65795, 4.18895, 5.86256, 4.69362
1505152, 3.71695, 4.12995, 5.78042, 4.77617
1506212, 3.65795, 4.24795, 5.8642, 4.60975
1507272, 3.71695, 4.18895, 5.78206, 4.69214
1508332, 3.71695, 4.12995, 5.7828, 4.77468
1509392, 3.65795, 4.12995, 5.86658, 4.77434
1510451, 3.71695, 4.12995, 5.78444, 4.774
1511511, 3.71695, 4.18895, 5.78518, 4.69062
1512574, 3.65795, 4.12995, 5.78592, 4.8562
1513638, 3.71695, 4.12995, 5.78667, 4.77298
1514698, 3.59895, 4.01195, 5.95349, 4.93872
1515758, 3.65795, 4.07095, 5.8715, 4.85565
1516819, 3.65795, 4.07095, 5.8724, 4.85546
1517878, 3.65795, 4.12995, 5.87329, 4.77223
1518938, 3.65795, 4.07095, 5.87419, 4.85493
1519999, 3.77595, 4.07095, 5.70901, 4.85475
1521060, 3.65795, 4.12995, 5.87567, 4.77152
1522120, 3.71695, 4.12995, 5.79353, 4.77118
1523180, 3.89395, 4.12995, 5.54515, 4.77084
1524240, 3.83495, 4.12995, 5.62847, 4.7705
1525300, 3.83495, 4.18895, 5.6289, 4.68712
1526360, 3.89395, 4.12995, 5.5463, 4.76966
1527420, 3.89395, 4.12995, 5.54658, 4.76932
1528480, 3.95295, 4.12995, 5.46381, 4.76898
1529540, 3.89395, 4.07095, 5.54698, 4.85168
1530599, 3.89395, 4.07095, 5.54726, 4.85149
1531658, 3.83495, 4.12995, 5.63057, 4.76827
1532717, 3.83495, 4.12995, 5.63101, 4.76793
1533777, 3.83495, 4.07095, 5.63144, 4.85063
1534837, 3.89395, 4.07095, 5.54883, 4.85044
1535973, 3.95295, 4.12995, 5.46607, 4.76721
1537083, 3.95295, 4.12995, 5.46619, 4.76687
1538165, 4.01195, 4.07095, 5.38328, 4.84957
1539227, 4.07095, 4.18895, 5.30021, 4.68331
1540290, 4.12995, 4.12995, 5.21698, 4.76585
1541355, 4.01195, 4.07095, 5.38272, 4.84855
1542423, 4.01195, 4.12995, 5.38269, 4.76532
1543507, 3.95295, 4.12995, 5.4657, 4.68194
1544587, 3.71695, 4.12995, 5.79798, 4.76449
1545674, 3.71695, 4.07095, 5.79872, 4.84719
1546759, 3.77595, 4.07095, 5.71642, 4.847
1547844, 3.71695, 4.01195, 5.80005, 4.92985
1548922, 3.71695, 3.95295, 5.80079, 5.01286
1550015, 3.71695, 3.89395, 5.80153, 5.09603
1551099, 3.71695, 4.01195, 5.80228, 4.93022
1552170, 3.71695, 3.95295, 5.80302, 5.01323
1553238, 3.71695, 4.01195, 5.80376, 4.93032
1555030, 3.83495, 4.01195, 5.63842, 4.93029
1556111, 3.83495, 3.95295, 5.63886, 5.01329
1557182, 3.77595, 3.95295, 5.72233, 5.01342
1558255, 3.83495, 3.95295, 5.63988, 5.01354
1559327, 3.83495, 4.01195, 5.64031, 4.93062
1560421, 3.77595, 4.01195, 5.72378, 4.93059
1561489, 3.71695, 3.95295, 5.80741, 5.0136
1562559, 3.71695, 4.01195, 5.89119, 4.93068
1563625, 3.65795, 3.95295, 5.89209, 5.01369
1564693, 3.71695, 4.01195, 5.80995, 4.93078
1565767, 3.83495, 4.07095, 5.64461, 4.84771
1566834, 3.89395, 4.01195, 5.562, 4.93056
1567903, 3.83495, 4.07095, 5.64532, 4.84749
1568975, 3.77595, 4.07095, 5.72879, 4.8473
1570044, 3.77595, 4.12995, 5.72938, 4.76408
1571110, 3.71695, 4.01195, 5.81301, 4.92982
1572177, 3.71695, 4.12995, 5.81375, 4.7637
1573261, 3.65795, 4.07095, 5.89753, 4.8464
1574359, 3.89395, 4.01195, 5.56627, 4.92926
1575454, 3.89395, 4.01195, 5.56655, 4.92923
1576522, 3.89395, 4.07095, 5.56683, 4.92919
1577594, 3.77595, 4.01195, 5.73318, 4.92916
1578667, 3.65795, 4.01195, 5.89985, 4.92913
1579742, 3.59895, 4.01195, 5.98379, 4.9291
1580813, 3.71695, 4.01195, 5.81876, 4.92907
1581887, 3.71695, 4.07095, 5.8195, 4.846
1582962, 3.77595, 3.95295, 5.7372, 5.01189
1584032, 3.77595, 4.01195, 5.73779, 4.92898
1585111, 3.71695, 4.01195, 5.82142, 4.92894
1586185, 3.83495, 3.95295, 5.65608, 5.01195
1587255, 3.89395, 3.89395, 5.57347, 5.09512
1588323, 3.77595, 3.89395, 5.73983, 5.09539
1589394, 3.71695, 3.89395, 5.82346, 5.09567
1590466, 3.83495, 3.89395, 5.65812, 5.09595
1591535, 3.77595, 3.95295, 5.74159, 5.09623
1592604, 3.59895, 3.89395, 5.9913, 5.09651
1593665, 3.71695, 3.89395, 5.82627, 5.09678
1594738, 3.71695, 3.95295, 5.82701, 5.01402
1595862, 3.71695, 3.95295, 5.82776, 5.01415
1596969, 3.65795, 4.07095, 5.91154, 4.84819
1598089, 3.71695, 3.95295, 5.8294, 5.01408
1599193, 3.71695, 4.01195, 5.83014, 4.93117
1600259, 3.77595, 4.07095, 5.74784, 4.8481
1601321, 3.71695, 3.95295, 5.83147, 5.01399
1602395, 3.77595, 4.01195, 5.74917, 4.93107
1603591, 3.77595, 4.07095, 5.74976, 4.848
1604659, 3.77595, 3.95295, 5.75035, 5.01389
1605731, 3.77595, 3.89395, 5.75093, 5.09706
1606798, 3.83495, 3.89395, 5.66848, 5.09734
1607862, 3.71695, 3.89395, 5.83499, 5.09761
1608939, 3.65795, 3.83495, 5.91877, 5.18093
1610005, 3.65795, 3.89395, 5.91967, 5.09832
1611070, 3.59895, 4.01195, 6.00361, 4.93252
1612169, 3.59895, 3.95295, 6.00466, 5.01553
1613503, 3.65795, 3.95295, 5.92267, 5.01566
1616180, 3.83495, 3.89395, 5.67445, 5.09882
1617248, 3.83495, 3.89395, 5.67488, 5.0991
1618319, 3.83495, 3.95295, 5.67532, 5.01633
1619894, 3.89395, 4.07095, 5.59271, 4.85038
1620976, 3.83495, 3.95295, 5.67603, 5.01627
1622285, 3.95295, 4.07095, 5.51038, 4.85032
1623364, 3.95295, 4.01195, 5.5105, 4.93317
1624429, 3.89395, 4.07095, 5.59367, 4.8501
1625489, 3.89395, 4.12995, 5.59394, 4.76687
1626557, 3.89395, 4.18895, 5.59422, 4.76653
1627616, 3.95295, 4.18895, 5.51146, 4.68315
1628675, 3.89395, 4.12995, 5.59462, 4.7657
1629734, 3.89395, 4.12995, 5.5949, 4.76536
1630792, 3.83495, 4.07095, 5.67822, 4.84805
1631851, 3.83495, 3.95295, 5.67865, 5.01395
1632909, 3.65795, 4.01195, 5.9282, 4.93103
1633973, 3.65795, 3.83495, 5.9291, 5.18012
1635033, 3.71695, 3.83495, 5.84696, 5.18055
1636091, 3.65795, 3.83495, 5.93074, 5.18098
1637150, 3.65795, 3.83495, 5.93164, 5.18142
1638209, 3.65795, 3.95295, 5.93253, 5.01577
1639266, 3.59895, 3.89395, 6.01647, 5.09893
1640326, 3.59895, 3.89395, 6.01752, 5.09921
1641385, 3.53996, 3.89395, 6.10161, 5.09949
1642444, 3.53996, 4.07095, 6.10282, 4.85065
1643504, 3.53996, 4.01195, 6.10403, 4.9335
1644563, 3.53996, 4.07095, 6.18827, 4.85043
1645622, 3.48096, 4.07095, 6.18963, 4.85025
1646682, 3.59895, 4.07095, 6.02491, 4.85006
1647741, 3.59895, 4.07095, 6.02597, 4.84987
1648824, 3.53996, 4.07095, 6.11006, 4.84969
1650073, 3.59895, 4.07095, 6.02822, 4.8495
1651157, 3.59895, 4.01195, 6.02928, 4.93236
1652221, 3.65795, 4.07095, 5.94729, 4.84928
1653298, 3.65795, 4.12995, 5.94818, 4.76606
1655582, 3.59895, 4.12995, 6.03212, 4.76572
1656663, 3.53996, 4.18895, 6.11621, 4.68234
1657750, 3.48096, 4.12995, 6.20046, 4.76488
1658830, 3.53996, 4.24795, 6.11878, 4.59846
1659914, 3.53996, 4.18895, 6.11999, 4.68085
1660982, 3.48096, 4.12995, 6.20423, 4.7634
1662053, 3.48096, 4.07095, 6.20559, 4.84609
1663116, 3.53996, 4.12995, 6.12391, 4.76287
1664224, 3.53996, 4.18895, 6.12512, 4.67949
1665553, 3.59895, 4.12995, 6.04329, 4.76203
1668203, 3.65795, 4.12995, 5.9613, 4.76169
1669528, 3.59895, 4.18895, 6.04524, 4.67831
1670745, 3.59895, 4.18895, 6.04629, 4.67782
1671820, 3.59895, 4.30695, 6.04734, 4.51124
1672887, 3.53996, 4.30695, 6.13143, 4.51044
1674990, 3.48096, 4.30695, 6.21568, 4.50963
1676204, 3.48096, 4.18895, 6.21704, 4.67491
1677290, 3.48096, 4.18895, 6.2184, 4.67441
1678365, 3.53996, 4.18895, 6.13672, 4.67391
1679439, 3.59895, 4.18895, 6.05489, 4.67342
1680509, 3.59895, 4.18895, 6.05594, 4.67292
1681744, 3.65795, 4.24795, 5.97395, 4.58939
1682815, 3.59895, 4.12995, 6.05789, 4.75482
1684051, 3.65795, 4.18895, 5.9759, 4.67144
1688232, 3.59895, 4.24795, 6.05984, 4.5879
1689312, 3.48096, 4.24795, 6.22697, 4.58725
1690400, 3.48096, 4.24795, 6.22833, 4.5866
1691466, 3.53996, 4.12995, 6.14665, 4.75203
1692529, 3.48096, 4.12995, 6.23089, 4.75169
1693592, 3.71695, 4.01195, 6.14922, 4.91743
1694661, 3.65795, 4.01195, 5.98434, 4.9174
1695737, 3.71695, 4.07095, 5.9022, 4.83433
1696818, 3.77595, 4.07095, 5.8199, 4.83414
1697900, 3.83495, 4.07095, 5.73745, 4.83395
1698972, 3.77595, 4.07095, 5.82092, 4.83377
1700038, 3.77595, 4.12995, 5.82151, 4.75054
1701105, 3.59895, 4.12995, 6.07122, 4.7502
1702173, 3.65795, 4.18895, 5.98923, 4.66682
1703234, 3.71695, 4.18895, 5.90709, 4.66633
1704299, 3.71695, 4.24795, 5.90783, 4.58279
1705372, 3.83495, 4.18895, 5.74249, 4.66518
1708448, 3.83495, 4.07095, 5.74292, 4.83076
1709522, 3.89395, 4.01195, 5.66032, 4.91362
1710610, 3.89395, 3.77595, 5.6606, 5.24574
1711684, 3.89395, 3.77595, 5.66087, 5.24633
1712747, 3.83495, 3.77595, 5.74419, 5.24692
1713809, 3.89395, 3.71695, 5.66158, 5.33055
1714890, 3.89395, 3.77595, 5.66186, 5.24825
1715958, 3.83495, 3.77595, 5.74518, 5.24884
1717027, 3.95295, 3.77595, 5.57953, 5.24942
1718097, 3.95295, 3.77595, 5.57966, 5.25001
1719163, 3.89395, 3.77595, 5.66282, 5.2506
1720226, 3.89395, 3.71695, 5.6631, 5.33423
1721297, 3.89395, 3.77595, 5.66338, 5.25193
1722371, 3.77595, 3.77595, 5.82973, 5.25252
1723446, 3.71695, 3.83495, 5.91336, 5.17006
1724533, 3.65795, 3.83495, 5.9141, 5.25354
1725610, 3.65795, 3.83495, 5.99789, 5.17109
1727664, 3.65795, 3.89395, 5.99878, 5.08848
1728737, 3.65795, 3.89395, 5.99968, 5.08876
1729802, 3.65795, 4.12995, 6.00058, 4.75688
1731035, 3.65795, 4.07095, 6.00147, 4.83957
1732359, 3.71695, 4.01195, 5.91933, 4.92243
1733451, 3.65795, 4.01195, 6.00311, 4.9224
1734519, 3.77595, 4.01195, 5.83793, 4.92237
1735596, 3.71695, 3.95295, 5.92156, 5.00537
1736666, 3.65795, 3.95295, 6.00534, 5.0055
1737731, 3.71695, 4.01195, 5.9232, 4.92258
1740334, 3.53996, 3.95295, 6.17306, 5.00559
1741416, 3.59895, 3.95295, 6.09122, 5.00571
1742480, 3.59895, 4.01195, 6.09228, 4.9228
1743558, 3.65795, 4.01195, 6.09333, 4.92277
1744622, 3.71695, 4.07095, 5.9283, 4.83969
1746573, 3.83495, 4.12995, 5.76296, 4.75647
1747653, 3.83495, 4.07095, 5.7634, 4.83917
1748720, 3.83495, 4.24795, 5.76383, 4.58986
1749790, 3.89395, 4.18895, 5.68122, 4.67225
1750861, 3.71695, 4.12995, 5.93062, 4.7548
1751945, 3.71695, 4.18895, 5.93136, 4.67142
1753013, 3.71695, 4.18895, 5.9321, 4.67092
1754078, 3.77595, 4.12995, 5.84981, 4.75346
1755137, 3.89395, 4.18895, 5.68431, 4.67008
1756176, 3.95295, 4.12995, 5.60155, 4.75263
1757251, 3.77595, 4.18895, 5.85079, 4.66925
1758321, 3.83495, 4.12995, 5.76834, 4.75179
1759390, 3.77595, 4.12995, 5.85181, 4.75145
1760454, 3.71695, 4.12995, 5.93544, 4.75111
1761524, 3.89395, 4.12995, 5.68706, 4.66773
1762585, 3.83495, 4.24795, 5.77038, 4.75027
1763644, 3.71695, 4.12995, 5.93689, 4.74993
1764702, 3.71695, 4.12995, 5.93764, 4.74959
1765763, 3.83495, 4.12995, 5.7723, 4.74925
1766825, 3.77595, 4.07095, 5.85577, 4.83195
1768167, 3.71695, 4.07095, 5.9394, 4.83176
1769236, 3.77595, 4.07095, 5.8571, 4.83158
1771904, 3.65795, 4.07095, 6.02377, 4.83139
1772974, 3.71695, 4.07095, 5.94163, 4.83121
1774038, 3.71695, 4.07095, 5.94237, 4.83102
1775098, 3.77595, 4.12995, 5.86007, 4.7478
1776192, 3.71695, 4.12995, 5.9437, 4.74745
1777254, 3.71695, 4.12995, 5.94444, 4.74711
1778315, 3.83495, 4.12995, 5.7791, 4.74677
1779377, 3.77595, 4.12995, 5.86258, 4.74643
1780448, 3.71695, 4.12995, 5.9462, 4.74609
1781511, 3.71695, 4.07095, 5.94694, 4.82879
1782574, 3.77595, 4.12995, 5.86465, 4.8286
1783639, 3.77595, 4.01195, 5.86523, 4.91146
1784700, 3.89395, 4.12995, 5.69974, 4.74535
1785761, 3.83495, 4.18895, 5.78306, 4.66197
1786821, 3.77595, 4.12995, 5.86653, 4.74451
1787881, 3.77595, 4.12995, 5.86712, 4.74417
1788941, 3.83495, 4.24795, 5.78467, 4.57775
1790006, 3.83495, 4.24795, 5.7851, 4.5771
1791067, 3.77595, 4.24795, 5.86857, 4.57645
1792127, 3.89395, 4.07095, 5.70308, 4.82492
1793189, 3.83495, 3.95295, 5.7864, 4.99081
1794250, 3.95295, 3.89395, 5.62075, 5.07397
1795312, 3.95295, 3.77595, 5.62088, 5.24033
1796373, 3.95295, 3.65795, 5.621, 5.407
1797433, 3.95295, 3.77595, 5.62112, 5.24182
1798491, 4.07095, 3.83495, 5.45517, 5.15936
1799549, 3.89395, 3.77595, 5.7041, 5.24284
1800608, 3.95295, 3.83495, 5.62134, 5.16038
1801666, 3.95295, 3.95295, 5.62146, 4.99474
1802725, 3.89395, 3.89395, 5.70463, 5.0779
1803783, 3.95295, 4.01195, 5.62186, 4.9121
1804842, 3.95295, 4.01195, 5.62199, 4.91207
1805901, 3.95295, 4.01195, 5.62211, 4.91204
1806959, 3.95295, 3.95295, 5.62223, 4.99505
1808017, 3.89395, 3.95295, 5.7054, 4.99517
1809076, 3.95295, 4.01195, 5.62264, 4.91225
1810134, 3.95295, 4.01195, 5.62276, 4.91222
1811192, 3.89395, 4.07095, 5.70592, 4.82915
1812250, 3.77595, 4.07095, 5.87228, 4.82896
1813308, 3.83495, 4.07095, 5.78983, 4.82878
1814367, 3.71695, 4.07095, 5.95634, 4.82859
1815425, 3.65795, 4.12995, 6.04012, 4.74537
1816526, 3.77595, 4.18895, 5.87494, 4.66199
1817587, 3.77595, 4.18895, 5.87553, 4.66149
1818646, 3.77595, 4.18895, 5.87611, 4.661
1819705, 3.71695, 4.24795, 5.95974, 4.57746
1820766, 3.71695, 4.18895, 5.96048, 4.65985
1821826, 3.89395, 4.12995, 5.71211, 4.74239
1822885, 3.65795, 4.12995, 6.04454, 4.74205
1823945, 3.77595, 4.12995, 5.87936, 4.74171
1825005, 3.83495, 4.12995, 5.79691, 4.74137
1826064, 3.77595, 4.07095, 5.88038, 4.82407
1827126, 3.71695, 4.01195, 5.96401, 4.90692
1828171, 3.59895, 4.07095, 6.13083, 4.82385
1829232, 3.65795, 4.01195, 6.04884, 4.90671
1830292, 3.65795, 4.01195, 6.04974, 4.90668
1831356, 3.59895, 4.12995, 6.13367, 4.74056
1832418, 3.77595, 4.07095, 5.88561, 4.82326
1833481, 3.83495, 4.07095, 5.80316, 4.82308
1834545, 3.83495, 4.24795, 5.80359, 4.65681
1835606, 3.71695, 4.18895, 5.80402, 4.65632
1836667, 3.83495, 4.30695, 5.80445, 4.48974
1837727, 3.71695, 4.24795, 5.97097, 4.57198
1838787, 3.71695, 4.24795, 5.97171, 4.57133
1839845, 3.71695, 4.07095, 5.97245, 4.8198
1840905, 3.83495, 4.07095, 5.80711, 4.81961
1841964, 3.89395, 4.12995, 5.72451, 4.73638
1843022, 3.77595, 4.12995, 5.89086, 4.73604
1844081, 3.83495, 4.07095, 5.80841, 4.81874
1845141, 3.83495, 4.12995, 5.80884, 4.73552
1846201, 3.95295, 4.12995, 5.6432, 4.73518
1847260, 3.83495, 4.07095, 5.8094, 4.81787
1848319, 3.95295, 4.12995, 5.64375, 4.73465
1849384, 3.95295, 4.24795, 5.64388, 4.56823
1850445, 3.95295, 4.36595, 5.644, 4.4015
1851510, 3.89395, 4.24795, 5.72716, 4.56662
1852569, 3.89395, 4.30695, 5.72744, 4.48293
1853628, 3.89395, 4.18895, 5.72772, 4.6482
1854686, 3.83495, 4.24795, 5.81104, 4.56467
1855745, 3.77595, 4.24795, 5.89451, 4.56402
1856803, 3.83495, 4.24795, 5.81206, 4.56337
1857862, 3.89395, 4.18895, 5.72945, 4.64576
1858921, 3.83495, 4.18895, 5.81277, 4.64526
1859979, 3.89395, 4.30695, 5.73016, 4.47869
1861037, 3.89395, 4.18895, 5.73044, 4.64396
1862097, 3.89395, 4.30695, 5.73072, 4.47739
1863158, 3.89395, 4.30695, 5.731, 4.47658
1864218, 3.83495, 4.30695, 5.81431, 4.47578
1865276, 3.89395, 4.30695, 5.73171, 4.47497
1866334, 3.83495, 4.36595, 5.81502, 4.39113
1867392, 3.77595, 4.36595, 5.8985, 4.39017
1868449, 3.83495, 4.36595, 5.81604, 4.38921
1869508, 3.89395, 4.30695, 5.73344, 4.47129
1870589, 3.89395, 4.36595, 5.81676, 4.38744
1871655, 3.89395, 4.30695, 5.73415, 4.46952
1872717, 4.01195, 4.24795, 5.56835, 4.55176
1873779, 3.89395, 4.12995, 5.7344, 4.71719
1874840, 3.95295, 4.07095, 5.65163, 4.79989
1875900, 4.01195, 3.95295, 5.56872, 4.96578
1876961, 3.89395, 3.95295, 5.73477, 4.9659
1878022, 3.83495, 3.83495, 5.81808, 5.13211
1879081, 3.83495, 3.77595, 5.81852, 5.21558
1880156, 3.89395, 3.77595, 5.73591, 5.21617
1881217, 3.83495, 3.83495, 5.81923, 5.13371
1882276, 3.89395, 3.89395, 5.73662, 5.05111
1883335, 3.83495, 3.83495, 5.81994, 5.13442
1884398, 3.95295, 3.89395, 5.65429, 5.05182
1885460, 3.89395, 3.95295, 5.73745, 4.96906
1886522, 3.89395, 4.01195, 5.73773, 4.88614
1887585, 3.89395, 4.07095, 5.82105, 4.88611
1888649, 3.89395, 4.12995, 5.73844, 4.72
1889710, 3.83495, 4.12995, 5.82176, 4.71966
1890769, 3.89395, 4.07095, 5.73915, 4.80236
1891829, 3.83495, 4.18895, 5.82247, 4.63609
1892890, 3.89395, 4.18895, 5.73987, 4.6356
1893958, 3.77595, 4.12995, 5.90622, 4.71814
1895021, 3.83495, 4.18895, 5.82377, 4.63476
1896079, 3.83495, 4.18895, 5.8242, 4.63426
1897139, 3.77595, 4.18895, 5.90768, 4.63377
1898198, 3.65795, 4.12995, 6.07434, 4.71631
1899263, 3.65795, 4.18895, 6.07524, 4.63293
1900324, 3.71695, 4.18895, 5.9931, 4.63244
1901383, 3.65795, 4.18895, 6.07688, 4.63194
1902443, 3.65795, 4.18895, 6.07778, 4.63145
1903503, 3.65795, 4.24795, 6.07867, 4.54791
1904563, 3.65795, 4.24795, 6.07957, 4.46422
1905622, 3.71695, 4.18895, 5.99743, 4.6295
1906681, 3.65795, 4.24795, 6.08121, 4.54596
1907740, 3.77595, 4.24795, 5.91603, 4.54531
1908803, 3.77595, 4.12995, 5.91661, 4.71074
1910393, 3.71695, 4.18895, 6.00024, 4.62736
1911480, 3.77595, 4.18895, 5.91794, 4.62686
1912550, 3.83495, 4.18895, 5.83549, 4.70941
1913893, 3.71695, 4.18895, 6.002, 4.62603
1915140, 3.77595, 4.24795, 5.91971, 4.54249
1916220, 3.77595, 4.18895, 5.92029, 4.62488
1917353, 3.77595, 4.24795, 5.92088, 4.54135
1918434, 3.77595, 4.36595, 5.92147, 4.37462
1919499, 3.71695, 4.30695, 6.0051, 4.4567
1920562, 3.83495, 4.42494, 5.83976, 4.45589
1921642, 3.77595, 4.42494, 5.92323, 4.28901
1922709, 3.77595, 4.36595, 5.92382, 4.37093
1923771, 3.89395, 4.42494, 5.75833, 4.28693
1924830, 3.89395, 4.42494, 5.7586, 4.28582
1925891, 3.77595, 4.42494, 5.92496, 4.28471
1926950, 3.77595, 4.30695, 5.92555, 4.44967
1928022, 3.89395, 4.36595, 5.76006, 4.36583
1929089, 3.77595, 4.36595, 5.92641, 4.36487
1931345, 3.65795, 4.30695, 6.09308, 4.44695
1933718, 3.71695, 4.18895, 6.01094, 4.61222
1934891, 3.71695, 4.18895, 6.01168, 4.61173
1936111, 3.77595, 4.18895, 5.92938, 4.61123
1937302, 3.77595, 4.12995, 5.92997, 4.69377
1942136, 3.48096, 4.18895, 6.34576, 4.61039
1943235, 3.42196, 4.18895, 6.43016, 4.6099
1944317, 3.42196, 4.12995, 6.43167, 4.69244
1946155, 3.48096, 4.12995, 6.35015, 4.6921
1947239, 3.42196, 4.07095, 6.43455, 4.7748
1948566, 3.42196, 4.12995, 6.51911, 4.77461
1949656, 3.36296, 4.18895, 6.52078, 4.60835
1950739, 3.30396, 4.18895, 6.60549, 4.60785
1951947, 3.24496, 4.18895, 6.69035, 4.60736
1953042, 3.30396, 4.07095, 6.60929, 4.77294
1954125, 3.12696, 4.01195, 6.86023, 4.8558
1955359, 3.12696, 3.89395, 6.86252, 5.02184
1956527, 3.12696, 3.77595, 6.86481, 5.1882
1957612, 3.12696, 3.77595, 6.8671, 5.18879
1959057, 3.24496, 3.71695, 6.70331, 5.27242
1961227, 3.30396, 3.77595, 6.62225, 5.19012
1962691, 3.30396, 3.77595, 6.62408, 5.19071
1964289, 3.30396, 3.83495, 6.6259, 5.10825
1965432, 3.18596, 4.01195, 6.79381, 5.02565
1966543, 3.24496, 3.95295, 6.87898, 4.85985
1967630, 3.30396, 4.01195, 6.63215, 4.85981
1968732, 3.24496, 4.01195, 6.71702, 4.85978
1969845, 3.30396, 4.07095, 6.63596, 4.77671
1970946, 3.24496, 4.01195, 6.72082, 4.85957
1972555, 3.24496, 4.12995, 6.7228, 4.69346
1973676, 3.24496, 4.18895, 6.72478, 4.61007
1974763, 3.24496, 4.18895, 6.72676, 4.60958
1975870, 3.36296, 4.30695, 6.56266, 4.443
1976970, 3.42196, 4.30695, 6.48129, 4.4422
1978078, 3.36296, 4.36595, 6.56585, 4.35836
1979178, 3.42196, 4.30695, 6.48448, 4.44044
1980261, 3.48096, 4.42494, 6.40296, 4.27355
1981365, 3.48096, 4.42494, 6.40432, 4.27244
1982463, 3.53996, 4.42494, 6.32264, 4.27132
1983578, 3.42196, 4.48394, 6.48992, 4.18717
1985183, 3.42196, 4.42494, 6.49144, 4.26894
1986269, 3.36296, 4.48394, 6.57599, 4.18479
1987387, 3.36296, 4.42494, 6.57767, 4.26656
1988470, 3.30396, 4.36595, 6.66238, 4.34848
1990303, 3.30396, 4.30695, 6.6642, 4.43056
1991991, 3.24496, 4.24795, 6.74907, 4.5128
1993097, 3.24496, 4.24795, 6.83408, 4.51215
1994199, 3.24496, 4.24795, 6.75318, 4.5115
1995300, 3.24496, 4.36595, 6.75516, 4.34477
1996558, 3.00896, 4.42494, 6.92322, 4.34381
1997660, 3.12696, 4.48394, 6.92551, 4.17677
1998776, 3.18596, 4.48394, 6.84476, 4.1755
1999899, 3.12696, 4.48394, 6.92993, 4.17423
2000989, 3.18596, 4.54294, 6.84918, 4.08992
2002298, 3.24496, 4.42494, 6.76828, 4.25458
2003398, 3.24496, 4.48394, 6.77026, 4.17042
2004500, 3.24496, 4.54294, 6.6892, 4.16915
2006244, 3.24496, 4.42494, 6.77406, 4.25092
2007571, 3.30396, 4.60194, 6.77604, 4.00069
2010055, 3.30396, 4.48394, 6.69498, 4.16519
2011171, 3.24496, 4.42494, 6.77985, 4.24696
2012766, 3.30396, 4.30695, 6.69879, 4.41193
2013860, 3.30396, 4.42494, 6.70061, 4.24504
2014957, 3.30396, 4.30695, 6.70244, 4.41001
2016107, 3.30396, 4.30695, 6.70426, 4.4092
2018166, 3.36296, 4.30695, 6.62305, 4.4084
2019275, 3.30396, 4.24795, 6.70776, 4.49063
2020361, 3.24496, 4.24795, 6.79262, 4.48998
2021495, 3.18596, 4.30695, 6.87764, 4.40629
2022609, 3.06796, 4.30695, 7.04586, 4.40549
2023740, 3.12696, 4.36595, 6.96526, 4.32164
2026713, 3.36296, 4.30695, 6.63539, 4.40372
2027813, 3.24496, 4.30695, 6.80314, 4.40292
2028920, 3.24496, 4.30695, 6.80512, 4.40211
2030015, 3.18596, 4.24795, 6.89014, 4.48435
2031276, 3.18596, 4.18895, 6.89227, 4.56674
2032411, 3.30396, 4.01195, 6.72833, 4.64928
2033555, 3.30396, 3.95295, 6.73016, 4.81502
2034685, 3.30396, 3.95295, 6.73198, 4.89803
2035777, 3.36296, 3.83495, 6.65077, 5.06423
2036868, 3.36296, 3.83495, 6.65244, 5.06466
2037979, 3.36296, 3.89395, 6.65411, 4.98206
2039969, 3.24496, 4.07095, 6.82186, 4.73322
2041068, 3.24496, 4.07095, 6.82384, 4.73303
2042160, 3.18596, 4.07095, 6.90886, 4.73285
2043250, 3.24496, 4.12995, 6.82795, 4.64962
2044398, 3.12696, 4.07095, 6.99601, 4.73232
2045496, 3.18596, 4.07095, 6.91526, 4.73213
2046580, 3.24496, 4.01195, 6.91739, 4.81499
2047659, 3.18596, 4.07095, 6.91953, 4.73191
2048745, 3.12696, 4.01195, 7.0047, 4.81477
2049831, 3.12696, 4.07095, 7.00699, 4.7317
2050906, 3.06796, 4.07095, 7.09232, 4.73151
2051980, 3.12696, 4.12995, 7.01173, 4.64829
2054442, 3.00896, 4.30695, 7.18009, 4.39883
2055526, 3.00896, 4.24795, 7.18269, 4.48106
2056617, 3.00896, 4.24795, 7.18529, 4.48041
2057705, 3.00896, 4.24795, 7.18789, 4.47976
2058785, 3.06796, 4.24795, 7.10745, 4.47911
2059865, 3.06796, 4.18895, 7.10989, 4.5615
2060940, 3.18596, 4.30695, 6.94626, 4.39493
2062014, 3.18596, 4.24795, 6.94839, 4.47716
2063089, 3.18596, 4.18895, 6.95053, 4.55955
2064317, 3.24496, 4.12995, 6.86962, 4.64209
2065400, 3.24496, 4.18895, 6.8716, 4.55871
2066478, 3.30396, 4.12995, 6.79054, 4.64126
2067561, 3.24496, 4.18895, 6.79237, 4.47484
2068628, 3.36296, 4.12995, 6.71115, 4.64027
2070691, 3.36296, 4.07095, 6.71282, 4.72297
2071767, 3.36296, 4.07095, 6.71449, 4.72278
2072905, 3.36296, 4.01195, 6.71616, 4.80563
2073990, 3.36296, 4.01195, 6.71784, 4.8056
2075104, 3.42196, 4.01195, 6.63647, 4.80557
2076206, 3.36296, 4.07095, 6.72102, 4.7225
2077288, 3.42196, 4.07095, 6.63965, 4.72231
2078365, 3.36296, 4.07095, 6.72421, 4.72213
2079434, 3.36296, 4.18895, 6.72588, 4.55586
2080514, 3.36296, 4.36595, 6.72755, 4.38929
2081837, 3.42196, 4.30695, 6.64618, 4.38848
2082960, 3.48096, 4.36595, 6.56466, 4.30464
2084036, 3.48096, 4.30695, 6.56602, 4.38672
2085112, 3.59895, 4.24795, 6.4013, 4.46895
2086639, 3.59895, 4.24795, 6.40235, 4.4683
2087730, 3.65795, 4.18895, 6.32036, 4.55069
2088838, 3.59895, 4.18895, 6.4043, 4.5502
2089951, 3.59895, 4.24795, 6.40535, 4.46666
2091049, 3.53996, 4.24795, 6.48944, 4.46601
2092625, 3.48096, 4.24795, 6.57369, 4.46536
2093718, 3.30396, 4.24795, 6.82417, 4.46471
2095538, 3.24496, 4.18895, 6.82599, 4.46406
2097228, 3.30396, 4.24795, 6.82782, 4.46341
2098333, 3.24496, 4.18895, 6.91268, 4.5458
2099417, 3.24496, 4.18895, 6.91466, 4.5453
2100536, 3.36296, 4.12995, 6.8336, 4.62785
2101991, 3.36296, 4.12995, 6.75239, 4.62751
2103078, 3.36296, 4.01195, 6.75406, 4.79325
2104205, 3.36296, 4.07095, 6.75573, 4.71018
2105300, 3.36296, 4.12995, 6.7574, 4.62695
2106385, 3.30396, 4.07095, 6.84211, 4.70965
2107469, 3.24496, 4.12995, 6.92697, 4.62642
2108552, 3.30396, 4.18895, 6.92895, 4.62608
2109646, 3.42196, 4.12995, 6.68182, 4.62574
2110730, 3.42196, 4.12995, 6.68333, 4.6254
2111807, 3.42196, 4.07095, 6.68485, 4.7081
2112885, 3.36296, 4.01195, 6.7694, 4.79095
2113968, 3.42196, 3.77595, 6.68803, 5.12308
2115060, 3.48096, 3.71695, 6.60651, 5.20671
2116413, 3.53996, 3.77595, 6.52483, 5.12441
2117492, 3.48096, 3.71695, 6.60908, 5.20804
2118574, 3.53996, 3.83495, 6.5274, 5.12574
2119664, 3.53996, 3.83495, 6.5286, 5.04329
2120740, 3.48096, 3.89395, 6.61285, 4.96068
2121827, 3.59895, 3.83495, 6.44813, 5.044
2122912, 3.59895, 3.89395, 6.44918, 4.96139
2123989, 3.59895, 3.89395, 6.45024, 4.96167
2125101, 3.53996, 3.95295, 6.53433, 4.87891
2126177, 3.53996, 3.89395, 6.53553, 4.96207
2127251, 3.59895, 3.89395, 6.4537, 4.96235
2128316, 3.53996, 3.95295, 6.53779, 4.87959
2129378, 3.36296, 3.89395, 6.78812, 4.96275
2130438, 3.42196, 3.89395, 6.70675, 4.96303
2131649, 3.48096, 4.01195, 6.62522, 4.79723
2132720, 3.48096, 4.01195, 6.62658, 4.7972
2133791, 3.48096, 4.01195, 6.62794, 4.79716
2134858, 3.53996, 4.01195, 6.54627, 4.79713
2135923, 3.59895, 4.07095, 6.46443, 4.71406
2136987, 3.53996, 4.07095, 6.54852, 4.71388
2138054, 3.59895, 4.07095, 6.46669, 4.71369
2139392, 3.65795, 4.18895, 6.3847, 4.54743
2140459, 3.65795, 4.18895, 6.3856, 4.54693
2141528, 3.71695, 4.18895, 6.30346, 4.54643
2142603, 3.65795, 4.18895, 6.22116, 4.54594
2143676, 3.77595, 4.12995, 6.22175, 4.62848
2144743, 3.71695, 4.01195, 6.30537, 4.79422
2145815, 3.65795, 4.07095, 6.38916, 4.71115
2146881, 3.59895, 4.01195, 6.47309, 4.794
2147951, 3.42196, 4.01195, 6.72326, 4.79397
2149018, 3.36296, 3.95295, 6.80782, 4.87698
2150092, 3.36296, 4.01195, 6.80949, 4.79406
2151159, 3.36296, 3.95295, 6.81116, 4.87707
2152228, 3.65795, 3.95295, 6.39763, 4.8772
2153293, 3.65795, 4.01195, 6.39853, 4.79428
2154358, 3.71695, 3.95295, 6.31639, 4.87729
2155421, 3.65795, 4.01195, 6.40017, 4.79437
2156488, 3.59895, 3.89395, 6.4841, 4.96042
2157563, 3.53996, 4.07095, 6.48516, 4.87766
2159210, 3.53996, 3.95295, 6.56925, 4.87778
2160407, 3.59895, 3.95295, 6.48741, 4.87791
2161484, 3.59895, 4.07095, 6.48847, 4.71195
2162555, 3.59895, 3.95295, 6.48952, 4.7948
2163630, 3.59895, 3.95295, 6.49057, 4.87781
2164712, 3.59895, 4.01195, 6.49162, 4.7949
2165793, 3.59895, 3.95295, 6.49267, 4.8779
2166868, 3.53996, 3.83495, 6.57676, 5.04411
2167941, 3.65795, 3.95295, 6.41189, 4.87846
2169011, 3.59895, 3.95295, 6.49583, 4.87858
2170080, 3.77595, 4.01195, 6.24776, 4.79567
2171142, 3.65795, 4.01195, 6.41443, 4.79564
2172164, 3.65795, 3.95295, 6.41532, 4.87864
2173241, 3.71695, 4.01195, 6.33318, 4.79573
2174319, 3.65795, 4.01195, 6.41696, 4.7957
2175393, 3.71695, 3.83495, 6.33482, 5.04478
2176463, 3.71695, 3.89395, 6.33556, 4.96218
2177540, 3.77595, 3.89395, 6.25326, 4.87942
2178658, 3.77595, 3.89395, 6.25385, 4.96258
2179739, 3.77595, 3.95295, 6.25444, 4.87982
2180996, 3.83495, 3.89395, 6.17199, 4.96298
2182085, 3.77595, 3.89395, 6.25546, 4.96326
2183179, 3.77595, 3.89395, 6.25605, 4.96354
2184244, 3.71695, 3.95295, 6.33967, 4.88077
2185336, 3.71695, 3.95295, 6.34042, 4.8809
2186419, 3.77595, 4.01195, 6.25812, 4.79798
2187499, 3.71695, 3.95295, 6.34175, 4.88099
2188574, 3.71695, 3.83495, 6.42553, 4.88111
2189654, 3.71695, 3.71695, 6.34339, 5.21339
2190735, 3.65795, 3.77595, 6.42717, 5.1311
2191817, 3.65795, 3.83495, 6.42806, 5.04865
2192894, 3.71695, 3.89395, 6.34592, 4.96604
2193965, 3.65795, 3.77595, 6.4297, 5.1324
2195056, 3.71695, 3.71695, 6.34756, 5.21602
2196132, 3.71695, 3.71695, 6.3483, 5.21677
2197206, 3.71695, 3.65795, 6.34905, 5.30055
2198271, 3.77595, 3.53996, 6.26675, 5.46752
2199333, 3.83495, 3.53996, 6.1843, 5.46873
2200431, 3.83495, 3.59895, 6.18473, 5.3869
2201524, 3.89395, 3.59895, 6.10212, 5.30491
2202592, 3.95295, 3.65795, 6.01936, 5.38884
2203669, 3.95295, 3.65795, 6.01948, 5.30686
2204738, 4.01195, 3.71695, 5.93657, 5.22471
2205810, 3.89395, 3.59895, 6.10262, 5.39154
2206873, 3.95295, 3.71695, 6.01985, 5.22651
2207933, 3.83495, 3.77595, 6.18606, 5.14421
2208995, 3.89395, 3.71695, 6.10345, 5.22784
2210068, 3.77595, 3.65795, 6.26981, 5.31162
2211141, 3.83495, 3.77595, 6.18735, 5.14644
2212261, 3.65795, 3.71695, 6.43691, 5.23006
2213340, 3.77595, 3.77595, 6.27172, 5.14777
2214423, 3.77595, 3.77595, 6.27231, 5.14835
2215518, 3.65795, 3.77595, 6.43898, 5.0659
2216600, 3.83495, 3.83495, 6.19076, 5.06634
2217676, 3.83495, 3.77595, 6.19119, 5.14981
2218764, 3.83495, 3.77595, 6.19162, 5.15039
2220247, 3.83495, 3.83495, 6.19205, 5.06794
2223546, 3.65795, 3.77595, 6.35857, 5.15142
2224829, 3.71695, 3.77595, 6.35931, 5.152
2226143, 3.83495, 3.71695, 6.19397, 5.23563
2228243, 3.71695, 3.77595, 6.36048, 5.15333
2229327, 3.77595, 3.83495, 6.27819, 5.07088
2230410, 3.89395, 3.83495, 6.11269, 5.07131
2231490, 3.83495, 3.89395, 6.19601, 4.98871
2232569, 3.89395, 3.83495, 6.27948, 4.98898
2233744, 3.77595, 3.83495, 6.28007, 5.0723
2234878, 3.83495, 3.77595, 6.19762, 5.15577
2235966, 3.65795, 3.89395, 6.44717, 4.99028
2237055, 3.59895, 3.83495, 6.53111, 5.0736
2238127, 3.65795, 3.71695, 6.44912, 5.24011
2239191, 3.53996, 3.71695, 6.6161, 5.24085
2240253, 3.42196, 3.71695, 6.78338, 5.2416
2241321, 3.48096, 3.77595, 6.70186, 5.1593
2242385, 3.65795, 3.65795, 6.4541, 5.32597
2243451, 3.65795, 3.77595, 6.455, 5.16078
2244515, 3.77595, 3.83495, 6.28981, 5.07833
2245585, 3.89395, 3.89395, 6.20736, 5.07876
2246652, 3.83495, 3.95295, 6.2078, 4.91312
2247719, 3.83495, 4.01195, 6.20823, 4.8302
2248785, 3.89395, 4.01195, 6.12562, 4.83017
2249854, 3.89395, 3.95295, 6.1259, 4.91318
2250921, 3.89395, 4.01195, 6.12618, 4.83026
2251987, 3.89395, 3.95295, 6.12646, 4.91327
2253054, 3.95295, 3.95295, 6.04369, 4.91339
2254354, 3.95295, 3.83495, 6.04382, 5.0796
2256006, 3.89395, 3.95295, 6.12698, 4.91395
2257086, 3.95295, 3.89395, 6.04422, 4.99711
2260418, 3.89395, 4.01195, 6.12738, 4.83131
2263805, 4.01195, 4.07095, 5.96158, 4.74824
2268214, 4.12995, 4.01195, 5.79547, 4.83109
2269320, 4.18895, 3.83495, 5.71209, 5.08018
2270418, 4.12995, 3.77595, 5.79463, 5.16365
2271533, 4.12995, 3.89395, 5.79429, 4.91512
2272640, 4.12995, 3.89395, 5.79395, 4.99829
2273732, 4.07095, 3.89395, 5.87665, 4.99856
2274846, 3.95295, 3.95295, 6.04254, 4.9158
2276491, 3.83495, 3.95295, 6.20875, 4.91593
2277574, 3.71695, 3.95295, 6.20918, 4.91605
2278712, 3.77595, 4.01195, 6.29265, 4.83313
2279812, 3.77595, 3.95295, 6.29324, 4.91614
2280943, 3.83495, 3.89395, 6.21079, 4.9993
2282766, 3.83495, 3.77595, 6.21122, 5.16566
2283872, 3.71695, 3.65795, 6.37773, 5.33233
2285002, 3.71695, 3.53996, 6.37847, 5.4993
2287730, 3.83495, 3.53996, 6.21314, 5.50051
2289319, 3.83495, 3.59895, 6.21357, 5.41868
2291557, 3.83495, 3.71695, 6.13096, 5.25365
2292638, 3.83495, 3.71695, 6.21428, 5.25439
2293759, 3.71695, 3.71695, 6.38079, 5.25513
2296024, 3.89395, 3.77595, 6.13242, 5.17284
2297129, 3.89395, 3.77595, 6.1327, 5.17342
2298228, 3.83495, 3.77595, 6.21601, 5.17401
2299348, 3.77595, 3.89395, 6.29949, 5.00852
2300504, 3.77595, 3.77595, 6.21703, 5.09184
2301700, 3.77595, 3.77595, 6.30051, 5.17531
2302965, 3.83495, 3.83495, 6.21805, 5.09286
2304078, 3.89395, 3.77595, 6.13545, 5.17633
2305184, 3.83495, 3.83495, 6.21876, 5.09388
2306287, 3.89395, 3.83495, 6.13616, 5.09431
2307376, 3.83495, 3.95295, 6.21948, 4.92867
2308448, 3.89395, 4.01195, 6.13687, 4.84575
2309556, 3.83495, 4.01195, 6.13715, 4.84572
2310648, 3.95295, 4.07095, 6.05438, 4.76265
2311750, 3.89395, 4.12995, 6.13755, 4.67942
2312827, 3.89395, 4.01195, 6.13783, 4.84516
2313925, 3.95295, 4.07095, 6.05506, 4.76209
2315005, 3.89395, 4.01195, 6.13823, 4.84494
2316088, 4.01195, 3.95295, 5.97243, 4.92795
2317182, 4.01195, 3.83495, 5.97239, 5.09415
2318281, 3.95295, 3.83495, 6.0554, 5.09459
2319384, 4.01195, 3.83495, 5.97249, 5.09502
2320471, 4.01195, 3.77595, 5.97246, 5.09545
2321578, 3.89395, 3.83495, 6.05546, 5.09588
2322680, 3.89395, 3.83495, 6.13863, 5.09632
2323781, 3.89395, 3.77595, 6.1389, 5.17979
2324874, 3.89395, 3.77595, 6.13918, 5.18038
2327175, 3.89395, 3.89395, 6.13946, 5.01489
2328267, 3.89395, 3.89395, 6.13974, 5.01516
2329345, 3.89395, 3.89395, 6.14002, 5.01544
2330416, 3.95295, 3.95295, 6.05726, 4.93268
2331484, 4.07095, 3.89395, 5.8913, 5.01584
2332555, 4.01195, 3.89395, 5.89111, 4.93308
2333627, 4.07095, 4.07095, 5.89093, 4.76713
2334700, 4.12995, 4.07095, 5.8077, 4.76694
2335771, 4.01195, 3.95295, 5.97344, 4.93283
2336851, 4.07095, 4.01195, 5.89037, 4.84992
2337929, 4.12995, 4.07095, 5.80714, 4.76685
2339003, 4.18895, 4.07095, 5.72376, 4.76666
2340072, 4.07095, 4.12995, 5.88935, 4.68343
2341140, 4.12995, 4.07095, 5.80612, 4.76613
2342207, 4.12995, 4.18895, 5.80578, 4.59987
2343275, 4.12995, 4.12995, 5.80544, 4.68241
2344345, 4.18895, 4.12995, 5.72206, 4.68207
2345414, 4.18895, 4.12995, 5.72156, 4.68173
2346481, 4.18895, 4.18895, 5.72107, 4.59835
2347549, 4.12995, 4.07095, 5.72057, 4.68089
2348620, 4.24795, 4.07095, 5.63704, 4.76359
2349694, 4.18895, 4.01195, 5.71943, 4.84645
2350763, 4.18895, 4.01195, 5.71893, 4.84641
2352107, 4.12995, 4.01195, 5.80148, 4.84638
2353201, 4.18895, 3.95295, 5.7181, 4.92939
2354276, 4.12995, 3.89395, 5.80064, 5.01255
2355348, 4.07095, 3.83495, 5.88334, 5.09587
2356427, 4.24795, 3.83495, 5.63403, 5.09631
2357504, 4.18895, 3.95295, 5.71642, 4.93066
2358571, 4.18895, 3.89395, 5.63289, 5.01382
2359648, 4.18895, 3.95295, 5.71528, 4.93106
2360725, 4.07095, 3.95295, 5.88086, 4.93118
2361799, 3.95295, 3.89395, 6.04676, 5.01435
2362872, 3.89395, 3.83495, 6.12992, 5.09766
2363942, 3.95295, 3.89395, 6.04716, 5.01506
2365016, 4.07095, 3.89395, 5.8812, 5.01534
2366091, 4.12995, 3.95295, 5.79797, 4.93257
2367164, 4.12995, 3.95295, 5.79763, 4.9327
2368238, 4.12995, 3.83495, 5.79729, 5.0989
2369305, 4.07095, 3.83495, 5.87999, 5.09933
2370371, 3.89395, 3.65795, 6.12893, 5.34888
2371445, 3.89395, 3.53996, 6.1292, 5.51586
2372542, 3.95295, 3.48096, 6.12948, 5.43403
2373640, 3.95295, 3.48096, 6.04672, 5.60116
2374727, 4.07095, 3.53996, 5.88076, 5.51948
2375801, 3.95295, 3.48096, 6.04666, 5.60373
2376874, 4.01195, 3.59895, 5.96374, 5.43901
2377948, 4.07095, 3.59895, 5.88067, 5.44006
2379018, 4.07095, 3.65795, 5.88048, 5.35807
2380089, 4.01195, 3.71695, 5.96334, 5.27593
2381159, 4.01195, 3.77595, 5.96331, 5.19363
2382237, 4.01195, 3.71695, 5.96327, 5.27726
2383306, 3.95295, 3.77595, 6.04628, 5.19496
2384375, 3.95295, 3.71695, 6.04641, 5.27859
2385453, 3.95295, 3.77595, 6.04653, 5.19629
2386541, 3.95295, 3.65795, 5.96361, 5.27992
2387621, 3.95295, 3.71695, 6.04662, 5.28066
2388696, 4.01195, 3.71695, 5.96371, 5.2814
2389769, 4.07095, 3.65795, 5.88063, 5.36518
2390844, 4.07095, 3.77595, 5.88045, 5.2
2391915, 4.07095, 3.83495, 5.88026, 5.11755
2392995, 4.01195, 3.77595, 5.96312, 5.20102
2394073, 4.18895, 3.83495, 5.71397, 5.11857
2395145, 4.12995, 3.83495, 5.79651, 5.119
2396222, 4.07095, 3.89395, 5.87921, 5.0364
2397295, 4.07095, 3.95295, 5.87902, 4.95363
2398370, 4.12995, 3.89395, 5.7958, 5.0368
2399434, 4.12995, 4.07095, 5.79546, 4.78796
2400510, 4.12995, 4.01195, 5.79512, 4.87081
2401579, 4.18895, 4.01195, 5.71174, 4.87078
2402639, 4.12995, 3.89395, 5.79428, 5.03683
2403698, 4.24795, 4.01195, 5.62786, 4.87103
2404757, 4.24795, 3.89395, 5.62721, 5.03707
2405814, 4.12995, 3.83495, 5.79264, 5.12039
2406872, 3.89395, 3.83495, 6.12446, 5.12082
2407931, 3.89395, 3.89395, 6.12473, 5.03822
2408990, 3.95295, 3.89395, 6.04197, 5.03849
2410050, 3.95295, 3.83495, 6.0421, 5.12181
2411110, 4.12995, 3.83495, 5.7931, 5.12225
2412169, 4.07095, 3.83495, 5.8758, 5.12268
2413228, 3.95295, 3.83495, 6.04169, 5.12311
2414286, 4.01195, 3.71695, 5.95878, 5.28962
2415345, 4.01195, 3.83495, 5.95875, 5.12429
2416404, 4.01195, 3.83495, 5.95871, 5.12472
2417464, 4.12995, 3.83495, 5.7926, 5.12515
2418523, 4.07095, 3.83495, 5.8753, 5.12558
2419582, 4.07095, 3.95295, 5.87512, 4.95994
2420664, 4.12995, 3.95295, 5.79189, 4.96006
2421738, 4.12995, 4.07095, 5.79155, 4.79411
2422811, 4.18895, 4.07095, 5.70817, 4.79392
2423879, 4.18895, 4.07095, 5.70767, 4.79373
2424947, 4.12995, 3.95295, 5.79022, 4.95963
2426034, 4.07095, 3.95295, 5.87292, 4.95975
2427461, 4.01195, 4.01195, 5.95577, 4.87683
2428538, 4.01195, 3.89395, 5.95574, 4.95984
2429611, 3.95295, 3.89395, 6.03875, 5.043
2431639, 4.01195, 4.01195, 5.95583, 4.8772
2432716, 3.95295, 3.95295, 6.03884, 4.96021
2433788, 4.07095, 3.83495, 5.87288, 5.12641
2434863, 4.12995, 3.95295, 5.78966, 4.96077
2435933, 4.07095, 4.01195, 5.87236, 4.87785
2437010, 4.07095, 3.89395, 5.87217, 5.0439
2438084, 4.18895, 3.95295, 5.70591, 4.96114
2439154, 4.12995, 4.01195, 5.78845, 4.87822
2440229, 4.01195, 3.89395, 5.95419, 5.04427
2441355, 3.89395, 3.95295, 6.12024, 4.96151
2443057, 3.89395, 4.01195, 6.12051, 4.87859
2444194, 3.83495, 3.95295, 6.20383, 4.9616
2445286, 3.83495, 4.01195, 6.20426, 4.87868
2446366, 3.89395, 3.95295, 6.12166, 4.96169
2447450, 3.89395, 3.95295, 6.12194, 4.96182
2448519, 3.95295, 4.01195, 6.03917, 4.8789
2449593, 4.01195, 4.07095, 5.95626, 4.96191
2450664, 4.07095, 4.07095, 5.87319, 4.79595
2451733, 3.95295, 4.12995, 6.03908, 4.71273
2452799, 4.07095, 4.07095, 5.87312, 4.79543
2453858, 4.01195, 4.07095, 5.95598, 4.79524
2454927, 4.01195, 4.07095, 5.95595, 4.79505
2455993, 3.95295, 3.95295, 6.03895, 4.96095
2457051, 3.89395, 3.95295, 6.12212, 4.96107
2458109, 3.89395, 3.89395, 6.1224, 5.04423
2459168, 3.89395, 3.77595, 6.12267, 5.21059
2460226, 3.89395, 3.77595, 6.12295, 5.21118
2461285, 3.83495, 3.71695, 6.20627, 5.2948
2462342, 3.83495, 3.77595, 6.2067, 5.21251
2463401, 3.83495, 3.71695, 6.20714, 5.29613
2464459, 3.89395, 3.71695, 6.12453, 5.29688
2465518, 3.95295, 3.65795, 6.04177, 5.38066
2466575, 3.95295, 3.71695, 6.04189, 5.29852
2467633, 3.95295, 3.65795, 6.04201, 5.3823
2468694, 4.07095, 3.77595, 5.87606, 5.21712
2469753, 4.01195, 3.83495, 5.95891, 5.13466
2470813, 3.95295, 3.83495, 6.04192, 5.1351
2471872, 3.89395, 3.89395, 6.12508, 5.05249
2472933, 3.83495, 3.89395, 6.2084, 5.05277
2473993, 3.77595, 3.89395, 6.29187, 5.05305
2475052, 3.89395, 3.83495, 6.12638, 5.13636
2476204, 3.95295, 3.71695, 6.04362, 5.30287
2477266, 4.01195, 3.77595, 5.9607, 5.22058
2478326, 4.01195, 3.77595, 5.96067, 5.22116
2479395, 4.07095, 3.77595, 5.8776, 5.22175
2480462, 4.07095, 3.77595, 5.87742, 5.22234
2481522, 4.07095, 3.77595, 5.87723, 5.22293
2482582, 3.89395, 3.83495, 6.12616, 5.22351
2483641, 4.01195, 3.89395, 5.96036, 5.05802
2484702, 4.01195, 3.83495, 5.96033, 5.14134
2485761, 4.01195, 3.95295, 5.9603, 4.97569
2486820, 3.95295, 3.89395, 6.04331, 5.05886
2487879, 4.01195, 3.83495, 5.96039, 5.14218
2488941, 3.89395, 3.83495, 6.12644, 5.14261
2490001, 3.83495, 3.89395, 6.20976, 5.06
2491061, 3.83495, 3.83495, 6.21019, 5.14332
2492120, 3.95295, 3.77595, 6.04454, 5.22679
2493180, 3.95295, 3.83495, 6.04467, 5.14434
2494239, 3.95295, 3.71695, 6.04479, 5.31085
2495298, 4.07095, 3.65795, 5.87883, 5.39463
2496357, 4.18895, 3.71695, 5.71257, 5.31249
2497416, 4.18895, 3.65795, 5.71207, 5.39627
2498475, 4.18895, 3.71695, 5.71158, 5.31413
2499534, 4.18895, 3.71695, 5.71108, 5.31487
