0, 0, 0
1010, 0, 0
2012, 1.35698, 1.53398
3016, 3.30396, 3.36296
4017, 4.71994, 4.71994
5023, 5.78193, 5.42793
6028, 6.19492, 5.89993
7030, 6.60792, 6.07692
8032, 6.96191, 6.13592
9046, 6.96191, 6.19492
10049, 6.72592, 5.95893
11053, 5.84093, 5.95893
12072, 5.01494, 6.19492
13083, 4.01195, 6.84391
14085, 2.94996, 7.43391
15088, 2.00597, 8.0829
16092, 1.35698, 8.67289
17103, 0.589993, 9.38088
18111, 0.117999, 9.91188
19114, -0.0589993, 10.3839
20122, -0.117999, 10.6199
21132, -0.0589993, 10.5019
22136, -0.0589993, 10.5609
23140, 0, 10.3249
24143, 0.471994, 9.85288
25150, 0.589993, 8.90889
26155, 0.884989, 7.49291
27157, 1.06199, 6.19492
28158, 1.29798, 5.13294
29166, 1.41598, 4.48394
30169, 1.65198, 3.89395
31170, 1.71098, 3.30396
32171, 1.71098, 2.65497
33179, 1.82898, 2.18297
34182, 1.88798, 1.76998
35186, 1.71098, 1.47498
36188, 1.59298, 1.00299
37198, 1.47498, 0.648992
38201, 1.23898, 0.412995
39212, 1.17999, 0.117999
40217, 1.00299, 0
41233, 1.00299, 0.0589993
42239, 1.00299, 0.176998
43240, 1.06199, 0.294996
44259, 1.06199, 0.530993
45266, 1.17999, 0.648992
46270, 1.35698, 0.943988
47273, 1.53398, 1.06199
48292, 1.53398, 1.23898
49305, 1.71098, 1.29798
50307, 1.82898, 1.41598
51309, 1.88798, 1.41598
52311, 1.82898, 1.35698
53321, 1.82898, 1.35698
54322, 1.88798, 1.29798
55324, 1.88798, 1.17999
56326, 1.88798, 1.23898
57330, 1.82898, 1.29798
58333, 1.82898, 1.41598
59334, 1.82898, 1.53398
60336, 1.76998, 1.65198
61344, 1.82898, 1.71098
62345, 1.94698, 1.82898
63350, 2.00597, 1.88798
64370, 2.18297, 1.82898
65389, 2.24197, 1.94698
66400, 2.35997, 2.00597
67403, 2.53697, 2.06497
68409, 2.59597, 2.18297
69413, 2.71397, 2.18297
70418, 2.77297, 2.30097
71430, 2.94996, 2.41897
72441, 3.06796, 2.41897
73443, 3.12696, 2.53697
74449, 3.30396, 2.59597
75453, 3.30396, 2.71397
76459, 3.36296, 2.83196
77471, 3.30396, 2.83196
78475, 3.30396, 2.77297
79485, 3.30396, 2.77297
80494, 3.24496, 2.65497
81498, 3.12696, 2.65497
82517, 3.18596, 2.65497
83526, 3.06796, 2.53697
84532, 3.30396, 2.41897
85533, 3.36296, 2.53697
86548, 3.48096, 2.65497
87560, 3.48096, 2.65497
88574, 3.48096, 2.65497
89588, 3.53996, 2.65497
90589, 3.53996, 2.83196
91607, 3.59895, 2.94996
92611, 3.53996, 3.00896
93629, 3.53996, 3.12696
94638, 3.42196, 3.24496
95642, 3.42196, 3.36296
96653, 3.42196, 3.30396
97654, 3.53996, 3.36296
98667, 3.59895, 3.30396
99683, 3.71695, 3.30396
100702, 3.77595, 3.36296
101711, 3.95295, 3.53996
102728, 3.89395, 3.42196
103740, 4.01195, 3.42196
104751, 4.07095, 3.42196
105767, 4.18895, 3.48096
106774, 4.18895, 3.30396
108192, 4.18895, 3.24496
109196, 4.24795, 3.48096
110213, 4.18895, 3.53996
111214, 4.18895, 3.65795
112219, 4.24795, 3.77595
113234, 4.30695, 3.83495
114240, 4.30695, 3.89395
115260, 4.42494, 4.01195
116268, 4.48394, 4.07095
117281, 4.48394, 4.07095
118297, 4.48394, 4.24795
119303, 4.66094, 4.12995
120315, 4.71994, 4.07095
121316, 4.66094, 3.95295
122451, 4.71994, 3.83495
123459, 4.66094, 3.83495
124462, 4.54294, 3.95295
125478, 4.54294, 4.07095
126492, 4.60194, 4.18895
127502, 4.60194, 4.12995
128517, 4.60194, 4.48394
129521, 4.77894, 4.48394
130534, 4.83794, 4.60194
131554, 4.95594, 4.71994
132563, 5.13294, 4.71994
133574, 5.13294, 4.66094
134584, 5.30993, 4.77894
135585, 5.36893, 4.83794
136596, 5.25093, 4.77894
137605, 5.42793, 4.66094
138607, 5.42793, 4.60194
139623, 5.48693, 4.36595
140627, 5.66393, 4.30695
141628, 5.60493, 4.30695
142640, 5.66393, 4.30695
143651, 5.72293, 4.12995
144665, 5.66393, 4.01195
145668, 5.66393, 4.07095
146676, 5.54593, 4.07095
147679, 5.42793, 4.12995
148694, 5.42793, 4.42494
149706, 5.30993, 4.66094
150721, 5.36893, 4.77894
151730, 5.36893, 5.01494
152731, 5.25093, 5.25093
153737, 5.36893, 5.36893
154750, 5.54593, 5.60493
155757, 5.66393, 5.72293
156775, 5.66393, 5.78193
157784, 5.89993, 5.89993
158799, 5.95893, 5.89993
159800, 6.13592, 5.84093
160811, 6.31292, 5.84093
161818, 6.54892, 5.72293
162825, 6.66692, 5.66393
163837, 6.84391, 5.60493
164849, 6.84391, 5.48693
165863, 6.90291, 5.48693
166879, 6.84391, 5.54593
167894, 6.72592, 5.60493
168909, 6.78492, 5.54593
169912, 6.60792, 5.54593
170927, 6.54892, 5.60493
171944, 6.54892, 5.72293
172957, 6.43092, 5.78193
173969, 6.37192, 5.89993
174982, 6.25392, 5.95893
175983, 6.60792, 6.07692
176994, 6.43092, 6.25392
178013, 6.48992, 6.37192
179029, 6.54892, 6.48992
180037, 6.66692, 6.43092
181038, 6.84391, 6.54892
182050, 6.90291, 6.54892
183063, 7.02091, 6.43092
184081, 6.84391, 6.48992
185101, 6.90291, 6.37192
186119, 6.84391, 6.54892
187126, 6.90291, 6.37192
188134, 6.84391, 6.37192
189150, 7.07991, 6.25392
190159, 7.07991, 6.25392
191171, 7.13891, 6.31292
192173, 7.07991, 6.37192
193179, 7.07991, 6.54892
194186, 6.90291, 6.54892
195204, 6.96191, 6.60792
196221, 6.90291, 6.66692
197225, 6.84391, 6.72592
198227, 6.90291, 6.54892
199246, 6.84391, 6.25392
200265, 6.90291, 6.13592
201279, 6.72592, 5.84093
202285, 6.54892, 5.84093
203291, 6.48992, 5.95893
204296, 6.43092, 5.95893
205298, 6.54892, 6.13592
206304, 6.90291, 6.19492
207309, 6.90291, 6.31292
208314, 6.90291, 6.43092
209328, 7.43391, 6.54892
210334, 7.37491, 6.66692
211338, 7.49291, 6.90291
212340, 7.6109, 7.19791
213342, 7.8469, 7.37491
214347, 7.9059, 7.55191
215352, 8.1419, 7.8469
216388, 8.2009, 7.9649
217438, 8.2009, 7.9059
218448, 8.0239, 7.9649
219449, 7.9649, 7.9059
220467, 7.8469, 7.8469
221469, 7.55191, 7.7289
222474, 7.55191, 7.7879
223482, 7.49291, 7.6109
224492, 7.43391, 7.6109
225498, 7.37491, 7.49291
226502, 7.19791, 7.55191
227508, 7.43391, 7.55191
228521, 7.37491, 7.7879
229529, 7.55191, 7.7289
230533, 7.8469, 7.9059
231540, 7.7879, 8.0239
232557, 8.0829, 8.0239
233564, 8.0239, 8.0239
234570, 7.9649, 7.9649
235574, 8.0239, 8.0239
236589, 8.1419, 7.9649
237596, 8.1419, 7.8469
238603, 8.2599, 7.9649
239609, 8.43689, 7.9649
240625, 8.3779, 8.0239
241633, 8.3779, 8.0829
242641, 8.3779, 8.0829
243646, 8.3779, 7.9649
244647, 8.43689, 7.9059
245655, 8.43689, 7.8469
246661, 8.43689, 7.7879
247665, 8.3189, 7.55191
248679, 8.2599, 7.6109
249686, 8.2009, 7.6109
250694, 8.2009, 7.6109
251702, 8.3779, 7.7289
252712, 8.55489, 7.9649
253720, 8.67289, 8.1419
254726, 8.90889, 8.3189
255733, 8.90889, 8.49589
256746, 8.84989, 8.73189
257753, 8.96789, 8.84989
258758, 9.08589, 8.90889
259764, 9.14489, 9.14489
260774, 9.08589, 9.20388
261785, 8.84989, 9.20388
262796, 8.73189, 9.08589
263813, 8.55489, 8.96789
264828, 8.67289, 8.90889
265839, 8.67289, 8.67289
266849, 8.90889, 8.61389
267853, 8.96789, 8.67289
268867, 8.79089, 8.55489
269874, 8.90889, 8.61389
270884, 8.90889, 8.61389
271893, 8.84989, 8.73189
272910, 9.14489, 8.73189
273916, 9.02689, 8.96789
274930, 9.14489, 9.14489
275936, 8.96789, 9.08589
276954, 8.90889, 9.14489
277971, 8.90889, 9.14489
278977, 8.96789, 9.14489
279982, 9.02689, 9.20388
280996, 9.08589, 9.26288
282003, 9.02689, 8.96789
283011, 8.96789, 8.84989
284020, 8.84989, 8.61389
285030, 8.84989, 8.49589
286036, 8.90889, 8.3779
287040, 9.02689, 8.49589
288045, 9.02689, 8.49589
289056, 9.26288, 8.73189
290069, 9.26288, 8.79089
291080, 9.38088, 9.02689
292094, 9.61688, 9.20388
293096, 9.79388, 9.32188
294103, 9.97088, 9.67588
295121, 10.1479, 9.97088
296138, 9.91188, 10.0299
297151, 9.79388, 10.2069
298159, 9.73488, 10.2069
299175, 9.67588, 10.2069
300182, 9.55788, 10.2659
301197, 9.49888, 10.2659
302214, 9.38088, 10.2069
303220, 9.14489, 10.0889
304227, 9.14489, 9.85288
305244, 9.08589, 9.67588
306259, 9.32188, 9.85288
307274, 9.38088, 9.85288
308285, 9.38088, 9.91188
309294, 9.43988, 9.91188
310301, 9.38088, 9.91188
311314, 9.43988, 9.97088
312327, 9.55788, 10.1479
313343, 9.73488, 10.2659
314344, 9.91188, 10.2659
315357, 9.79388, 10.3249
316404, 9.79388, 10.0889
317410, 9.85288, 9.67588
318424, 9.97088, 9.49888
319436, 10.0299, 9.38088
320438, 10.0889, 9.14489
321452, 9.97088, 9.02689
322469, 9.79388, 9.08589
323480, 9.85288, 9.20388
324496, 9.97088, 9.26288
325512, 10.0889, 9.67588
326520, 10.2659, 9.97088
327528, 10.3249, 10.0299
328532, 10.3249, 10.2069
329543, 10.3839, 10.4429
330550, 10.6789, 10.7969
331556, 10.6789, 11.0329
332572, 10.5019, 10.9739
333580, 10.3249, 10.9149
334587, 10.0889, 11.0329
335591, 9.97088, 11.2689
336600, 10.0889, 11.3869
337617, 9.97088, 11.2689
338627, 9.73488, 11.2099
339637, 9.79388, 11.1509
340644, 9.79388, 10.9739
341650, 10.0299, 11.0329
342658, 10.0299, 11.0329
343666, 10.2069, 10.9149
344676, 10.1479, 10.6789
345685, 10.0889, 10.6789
346693, 10.1479, 10.6789
347699, 10.3249, 10.7379
348715, 10.3249, 10.4429
349723, 10.3839, 10.0889
350731, 10.3839, 9.79388
351742, 10.2659, 9.67588
352750, 10.3249, 9.79388
353765, 10.5609, 9.85288
354773, 10.7379, 9.97088
355779, 10.6789, 10.0299
356784, 10.7969, 10.3249
357792, 10.8559, 10.5019
358796, 10.9739, 10.9149
359799, 11.2099, 11.2689
360809, 11.3869, 11.4459
361817, 11.2099, 11.5049
362821, 11.2099, 11.5639
363826, 11.1509, 11.6819
364838, 11.2099, 11.9179
365844, 11.1509, 11.8589
366850, 10.9739, 11.7409
367855, 10.6789, 11.7409
368867, 10.6199, 11.6229
369875, 10.5609, 11.6819
370880, 10.5609, 11.6819
371885, 10.6789, 11.3279
372902, 10.6789, 11.1509
373910, 10.7379, 11.0919
374917, 10.7379, 11.2689
375920, 10.9739, 11.3869
376937, 11.0919, 11.3869
377943, 11.0919, 11.3869
378950, 11.0329, 11.3869
379956, 10.9739, 11.5049
380964, 11.0919, 11.4459
381982, 11.1509, 11.3279
382990, 11.2689, 11.1509
384004, 11.2689, 11.1509
385020, 11.1509, 11.2099
386029, 11.3279, 11.2689
387034, 11.5049, 11.4459
388040, 11.7409, 11.5639
389051, 11.7999, 11.6819
390062, 11.7999, 11.7999
391069, 11.8589, 12.0948
392076, 11.8589, 12.2128
393092, 11.9179, 12.0948
394102, 11.7999, 12.0948
395108, 11.3869, 12.0948
396119, 11.2689, 12.3308
397133, 11.2689, 12.3308
398140, 11.0329, 12.3308
399148, 10.9739, 12.2128
400154, 10.7969, 12.2128
401171, 10.5019, 12.3898
402179, 10.5019, 12.2718
403185, 10.6789, 12.0948
404191, 10.9739, 12.0358
405207, 11.0329, 12.0358
406214, 10.9149, 12.0948
407220, 11.2689, 12.0948
408227, 11.3279, 11.7409
409240, 11.6819, 11.4459
410245, 11.7999, 11.2689
411252, 11.7999, 11.1509
412257, 11.6229, 11.0919
413273, 11.6229, 10.8559
414280, 11.9179, 10.9149
415286, 12.0358, 10.9739
416291, 11.9768, 11.2099
417296, 12.0358, 11.5639
418305, 12.2718, 11.6819
419309, 12.6848, 11.9179
420313, 12.8028, 12.0948
421327, 12.6258, 12.3898
422333, 12.5668, 12.7438
423335, 12.4488, 12.9798
424341, 12.4488, 13.0388
425357, 12.4488, 13.2748
426360, 12.2128, 13.5108
427366, 11.9179, 13.6288
428380, 12.2128, 13.5698
429385, 12.1538, 13.4518
430391, 12.0358, 13.4518
431396, 11.8589, 13.5108
432409, 11.7999, 13.3928
433416, 11.9768, 13.2748
434420, 12.0948, 13.0978
435425, 12.1538, 13.1568
436436, 12.1538, 13.0978
437444, 12.1538, 12.9208
438449, 12.3308, 12.8028
439454, 12.5078, 12.7438
440465, 12.4488, 12.9798
441471, 12.3308, 12.8618
442478, 12.4488, 12.8618
443483, 12.5668, 12.8028
444493, 12.8618, 12.9208
445502, 12.9798, 13.0978
446507, 12.9208, 13.0978
447514, 13.0388, 12.9208
448529, 13.0978, 12.9208
449537, 13.1568, 12.9798
450546, 12.9208, 12.9798
451553, 12.3898, 12.7438
452570, 12.3308, 12.6848
453581, 12.3898, 12.9208
454584, 12.0948, 12.8618
455591, 12.0358, 12.8618
456601, 12.1538, 12.8028
457607, 12.2718, 12.8618
458616, 12.2718, 13.1568
459620, 12.2128, 13.1568
460632, 12.2128, 13.0388
461640, 12.3898, 12.9798
462645, 12.6848, 12.8618
463650, 12.8028, 12.9798
464666, 12.8028, 12.8028
465678, 12.8618, 12.6258
466691, 12.9798, 12.4488
467699, 13.2748, 12.6258
468706, 13.2748, 12.8028
469720, 13.2748, 12.7438
470727, 13.4518, 12.7438
471732, 13.7468, 13.0978
472744, 13.9828, 13.3338
473748, 13.8648, 13.4518
474753, 13.7468, 13.4518
475758, 13.7468, 13.5698
476759, 13.9238, 13.7468
477773, 13.5698, 14.1598
478790, 13.0388, 14.1008
479795, 12.9798, 14.1008
480798, 13.0978, 14.2778
481806, 12.9798, 14.7498
482812, 12.8028, 14.7498
483818, 12.6848, 14.7498
484833, 12.8618, 14.8678
485839, 12.9798, 15.0448
486843, 13.2158, 14.9858
487849, 13.0388, 14.9268
488861, 13.1568, 15.0448
489868, 13.3928, 15.3398
490872, 13.6878, 15.2808
491875, 13.6288, 15.1038
492890, 13.5698, 15.3398
493897, 13.8058, 15.6938
494901, 13.9828, 15.6348
495906, 13.9828, 15.5758
496918, 13.9828, 15.6348
497926, 14.2188, 15.9298
498936, 14.4548, 15.8118
499943, 14.4548, 15.7528
500950, 14.2188, 15.8118
501964, 14.1008, 16.1068
502971, 13.9828, 15.9298
503978, 13.9238, 15.8708
504995, 13.6288, 16.1658
506003, 13.1568, 16.2838
507011, 13.0978, 16.0478
508019, 13.2158, 15.8708
509034, 13.4518, 15.9888
510045, 13.2158, 16.1658
511049, 13.2158, 16.1658
512054, 13.4518, 16.2248
513065, 13.6878, 16.4018
514073, 13.6288, 16.2838
515079, 13.5108, 16.2248
516085, 13.9238, 16.6378
517100, 14.1008, 16.6378
518107, 14.3368, 16.4018
519111, 14.2188, 16.1658
520120, 14.5728, 16.4608
521137, 14.8678, 16.4018
522145, 15.2218, 16.1658
523159, 14.9268, 16.1068
524164, 14.9268, 16.4608
525173, 15.2218, 16.2838
526187, 15.1038, 16.1658
527191, 14.6318, 16.2248
528198, 14.1008, 16.2248
529215, 14.0418, 15.8708
530224, 13.9828, 15.7528
531227, 13.6878, 16.1658
532233, 13.6288, 16.2248
533244, 13.6878, 16.0478
534250, 13.6878, 15.9298
535253, 13.8058, 16.3428
536260, 13.8058, 16.4608
537273, 13.9828, 16.4018
538281, 14.2778, 16.4608
539286, 14.3368, 16.8148
540289, 14.3958, 16.8148
541303, 14.6318, 16.8148
542311, 14.9858, 17.1688
543316, 15.2218, 17.2278
544319, 15.1628, 17.1098
545329, 15.4578, 17.1098
546337, 15.6938, 17.4048
547340, 15.6348, 17.1688
548345, 15.3398, 16.7558
549355, 15.2808, 16.6378
550360, 15.2218, 16.6968
551363, 14.8678, 16.4608
552370, 14.5138, 16.4018
553374, 14.2188, 16.3428
554378, 14.2778, 16.2838
555382, 14.1598, 15.9298
556390, 13.8648, 15.8708
557397, 13.8648, 15.9888
558402, 14.0418, 15.7528
559408, 14.5728, 15.6348
560417, 14.3368, 15.6348
561424, 14.5138, 15.7528
562431, 14.6908, 15.5168
563437, 15.2218, 15.3988
564448, 15.1628, 15.3988
565454, 15.3398, 15.5758
566461, 15.6938, 15.3988
567466, 16.1658, 15.3988
568476, 16.0478, 15.5168
569481, 15.7528, 15.5168
570488, 16.0478, 15.1628
571496, 15.9888, 15.2218
572508, 15.5168, 15.5758
573513, 15.3988, 15.7528
574523, 15.2808, 15.4578
575527, 14.9268, 15.2808
576530, 14.5728, 15.5758
577537, 14.3958, 15.7528
578543, 14.4548, 15.5758
579548, 14.4548, 15.7528
580563, 14.5138, 15.6938
581568, 14.6908, 15.5758
582574, 15.1038, 15.6348
583581, 15.1038, 15.8708
584591, 15.2218, 15.8708
585598, 15.5168, 15.8118
586602, 16.0478, 15.8118
587608, 16.0478, 16.1068
588620, 16.3428, 16.1068
589624, 16.5788, 15.8118
590630, 16.6968, 15.7528
591634, 16.2838, 15.9298
592647, 16.4018, 15.9298
593653, 16.3428, 15.8118
594659, 15.8708, 15.8708
595672, 15.2808, 15.9888
596679, 15.2218, 15.8708
597687, 15.0448, 15.9298
598698, 14.8678, 16.2248
599704, 14.5138, 16.1658
600717, 14.6318, 15.9888
601729, 15.1038, 15.9888
602735, 15.1628, 16.1658
603745, 14.9268, 15.9888
604748, 15.3988, 15.7528
605764, 15.8118, 15.8708
606771, 15.7528, 16.0478
607778, 15.9298, 15.7528
608785, 16.3428, 15.3988
609796, 16.7558, 15.2218
610805, 16.6968, 15.3988
611808, 16.6378, 15.1628
612810, 16.8738, 14.9858
613819, 16.7558, 15.2808
614826, 16.3428, 15.3988
615831, 16.2248, 15.3988
616844, 16.1658, 15.3988
617852, 15.8708, 15.9298
618857, 15.3398, 16.3428
619863, 15.3398, 16.3428
620872, 15.3988, 16.4018
621883, 14.9858, 16.8148
622890, 14.9268, 16.8148
623895, 15.1628, 16.6378
624911, 15.5758, 16.5198
625915, 15.5168, 16.8148
626921, 15.5758, 16.5198
627927, 15.8708, 16.2838
628940, 16.3428, 16.2838
629946, 16.4018, 16.2248
630952, 16.5198, 15.6938
631961, 16.9918, 15.2218
632977, 17.1098, 15.0448
633986, 16.9328, 15.0448
634992, 16.9328, 14.7498
635998, 16.9328, 14.3958
637015, 16.5788, 14.2778
638026, 16.2838, 14.2778
639038, 16.2838, 14.1008
640056, 16.1658, 13.9238
641070, 15.8118, 13.8648
642074, 15.6348, 14.1008
643082, 15.6938, 14.0418
644086, 15.7528, 13.9828
645104, 15.6348, 14.1598
646110, 15.8118, 14.4548
647113, 16.2248, 14.5728
648120, 16.4608, 14.5728
649130, 16.4018, 14.5728
650137, 16.6968, 14.9268
651143, 17.1688, 15.1038
652150, 17.1688, 15.0448
653159, 17.0508, 14.9858
654165, 17.3458, 15.0448
655172, 17.4638, 14.7498
656179, 17.1098, 14.5728
657188, 16.8148, 14.5138
658195, 16.9918, 14.6908
659207, 16.5788, 14.6908
660220, 16.2248, 14.5138
661227, 16.4018, 14.5138
662233, 16.3428, 14.8088
663241, 15.9888, 14.8088
664261, 15.9888, 14.7498
665279, 16.2248, 14.7498
666284, 16.4018, 14.9268
667295, 16.1658, 15.1038
668305, 16.5198, 14.9268
779435, 17.8178, 15.3988
780454, 17.8768, 15.8118
781469, 17.4638, 16.1658
782478, 17.4638, 16.2248
783485, 17.7588, 16.2838
784499, 17.9358, 16.4608
785506, 17.8178, 16.4608
786514, 18.2308, 16.2248
787520, 18.4668, 16.1068
788521, 18.2898, 15.9888
789528, 18.5258, 15.5168
790531, 18.7028, 15.1038
791534, 18.4078, 14.7498
792541, 18.4668, 14.6908
793545, 18.4668, 14.5728
794553, 18.0538, 14.6318
795560, 17.9358, 14.9268
796566, 18.0538, 15.1038
797575, 17.6998, 14.9858
798577, 17.9948, 15.2218
799581, 18.1718, 15.5168
800593, 18.1128, 15.6938
801600, 18.2898, 15.6348
802603, 18.7618, 15.7528
803609, 18.6438, 16.1068
804621, 18.6438, 16.1068
805627, 19.0568, 16.1068
806632, 18.9388, 16.3428
807635, 18.7028, 16.5788
808643, 18.9978, 16.4608
809650, 18.9388, 16.1658
810658, 18.6438, 16.1068
811663, 18.5848, 15.9298
812671, 18.7028, 15.5168
813674, 18.3488, 15.2808
814679, 18.2898, 15.2218
815680, 18.3488, 15.2218
816690, 17.9358, 15.1038
817697, 17.8178, 15.0448
818702, 18.2898, 15.3398
819706, 18.3488, 15.4578
820720, 18.4078, 15.3988
821730, 18.6438, 15.6348
822732, 18.8798, 15.8708
823736, 18.5848, 15.9888
824749, 18.7028, 15.9888
825758, 18.9978, 16.1068
826763, 18.6438, 16.5198
827769, 18.6438, 16.4608
828780, 18.8208, 16.4018
829795, 18.5258, 16.4608
830809, 18.3488, 16.3428
831817, 18.4668, 16.0478
832819, 18.4078, 15.5168
833827, 17.9948, 15.4578
834833, 18.1718, 15.3988
835839, 18.4078, 15.1038
836854, 18.1718, 15.1038
837860, 18.4078, 15.5168
838866, 18.8798, 15.6938
839870, 18.8208, 15.7528
840884, 18.8798, 15.7528
841891, 19.1748, 16.2248
842895, 19.0568, 16.4018
843900, 18.8798, 16.2838
844913, 18.9388, 16.4608
845921, 18.9388, 16.7558
846928, 18.5258, 16.6968
847939, 18.5848, 16.5788
848957, 18.5848, 16.6968
849977, 18.1718, 16.8148
850986, 18.2898, 16.5198
851991, 18.4668, 16.2838
853008, 18.2308, 16.1658
854017, 18.2308, 15.9298
855023, 18.5848, 15.5168
856030, 18.5258, 15.2808
857038, 18.6438, 15.3398
858043, 19.0568, 15.2808
859050, 19.2338, 15.2218
860057, 18.9388, 15.2218
861064, 19.2928, 15.4578
862073, 19.4108, 15.5168
863078, 19.1158, 15.3988
864082, 19.1158, 15.6938
865097, 19.2338, 16.1068
866105, 19.0568, 16.2248
867109, 18.9978, 16.4018
868114, 19.1158, 16.8148
869124, 18.8208, 17.2278
870130, 18.8208, 17.1688
871137, 18.9388, 17.3458
872142, 18.7618, 17.6998
873151, 18.7028, 17.5818
874157, 19.2338, 17.1688
875163, 19.3518, 17.1098
876169, 19.3518, 16.9328
877182, 19.8238, 16.4018
878189, 19.8238, 16.1068
879195, 19.5878, 16.2248
880202, 19.7648, 16.1068
881219, 19.6468, 15.9298
882225, 19.1748, 15.8708
883232, 19.3518, 16.1658
884238, 19.2928, 16.0478
885249, 18.7028, 15.9888
886259, 18.8208, 16.2248
887265, 18.9978, 16.6378
888270, 18.5258, 16.5788
889275, 18.7028, 16.6968
890281, 19.1158, 16.9918
891286, 18.7618, 16.9918
892292, 19.2338, 16.9328
893294, 19.6468, 16.9328
894301, 19.5878, 16.9918
895306, 19.5288, 16.6968
896311, 19.9418, 16.4608
897324, 19.7058, 16.4018
898331, 19.2338, 16.4018
899336, 19.4108, 16.1658
900341, 19.1748, 16.1658
901357, 18.9388, 16.4018
902362, 18.9388, 16.4608
903370, 18.9978, 16.3428
904385, 18.7028, 16.5198
905393, 18.8798, 16.7558
906408, 18.9978, 16.7558
907427, 18.8208, 16.7558
908432, 19.1158, 16.9918
909442, 19.4698, 17.1688
910449, 19.3518, 17.2278
911454, 19.7058, 17.2278
912473, 20.0007, 17.4048
913484, 19.8828, 17.3458
914491, 19.9418, 16.9918
915497, 19.9418, 16.7558
916514, 19.7058, 16.6968
917524, 19.4698, 16.2838
918542, 19.5878, 15.9888
919557, 19.2928, 16.0478
920562, 19.2338, 15.8118
921580, 18.9978, 15.9298
922587, 18.9388, 16.2248
923593, 19.4698, 16.4018
924609, 19.4108, 16.4608
925616, 19.3518, 16.8738
926626, 20.0007, 17.3458
927638, 20.1187, 17.4638
928654, 19.9418, 17.6408
929669, 20.4137, 18.1718
930677, 20.4727, 18.1718
931685, 20.3547, 17.9358
932702, 20.5317, 18.1128
933713, 20.4727, 17.8768
934719, 20.0007, 17.4048
935726, 20.1777, 17.1688
936745, 19.8828, 17.0508
937763, 19.5878, 16.6968
938781, 19.5878, 16.4608
939793, 19.3518, 16.4608
940809, 19.0568, 16.5788
941821, 19.1748, 16.4608
942827, 19.9418, 16.4018
943834, 19.5878, 16.9328
944844, 19.8828, 16.8738
945846, 20.2367, 16.9328
946849, 19.9418, 17.1098
947855, 20.2367, 17.3458
948867, 20.2957, 17.4048
949872, 19.9418, 17.2868
950876, 19.9418, 17.5818
951880, 20.0007, 17.5818
952896, 19.6468, 17.2278
953901, 19.5288, 17.1688
954905, 19.6468, 17.3458
955909, 19.2338, 17.1098
956920, 19.2338, 16.8738
957927, 19.5288, 17.1098
958933, 19.2928, 17.0508
959939, 19.6468, 16.8148
960950, 20.1777, 16.9328
961957, 20.1187, 17.1688
962963, 20.1777, 17.1688
963970, 20.6497, 17.2278
964980, 20.3547, 17.4638
965984, 20.4727, 17.5818
966987, 20.5317, 17.5228
967991, 20.1187, 17.6998
969000, 20.0597, 17.8768
970006, 20.1187, 17.7588
971011, 19.8238, 17.7588
972017, 19.7058, 17.7588
973029, 19.8828, 17.5228
974032, 19.5288, 17.1688
975036, 19.8238, 16.9918
976039, 20.1187, 16.9918
977048, 20.1777, 16.6968
978056, 20.4727, 16.5198
979060, 20.6497, 16.8148
980065, 20.6497, 16.8738
981081, 20.8267, 16.8148
982088, 21.0037, 17.0508
983093, 20.5317, 17.5818
984097, 20.5317, 17.6408
985105, 20.6497, 17.8768
986111, 20.1777, 18.2308
987115, 20.1187, 18.4078
988119, 20.2367, 18.2308
989134, 19.8238, 18.5258
990141, 19.9418, 18.6438
991144, 20.0007, 18.3488
992149, 19.8238, 18.1718
993164, 20.2367, 18.1128
994173, 20.4727, 17.6408
995180, 20.4727, 17.3458
996185, 20.5907, 17.3458
997193, 20.7677, 17.1688
998198, 20.4727, 16.9918
999205, 20.5907, 16.9328
1000209, 20.7087, 17.2278
1001220, 20.2957, 17.1098
1002226, 20.4137, 17.1098
1003230, 20.3547, 17.4048
1004234, 20.0597, 17.4638
1005247, 20.0597, 17.3458
1006252, 20.2367, 17.4638
1007258, 19.8828, 17.7588
1008264, 20.0597, 17.6408
1009275, 20.3547, 17.6408
1010281, 20.0007, 17.8768
1011285, 20.4137, 17.8768
1012287, 20.4137, 17.5818
1013298, 20.2957, 17.6408
1014304, 20.4727, 17.6408
1015311, 20.4137, 17.4638
1016319, 20.0007, 17.3458
1017331, 20.1187, 17.6408
1018338, 20.1187, 17.4638
1019344, 19.7648, 17.4048
1020347, 20.0007, 17.6408
1021364, 20.0007, 17.8768
1022368, 19.6468, 17.7588
1023372, 20.0007, 17.9358
1024386, 20.2367, 18.3488
1025392, 20.0597, 18.2308
1026398, 20.4727, 18.2308
1027404, 20.7087, 18.4668
1028415, 20.5317, 18.3488
1029420, 20.7677, 18.0538
1030425, 21.0037, 17.8768
1031431, 20.5317, 17.8178
1032444, 20.7677, 17.4638
1033461, 20.5907, 17.1688
1034471, 20.2957, 17.2278
1035480, 20.5907, 17.1688
1036484, 20.3547, 17.1098
1037495, 20.0597, 17.2868
1038500, 20.2957, 17.6408
1039507, 20.0007, 17.6998
1040523, 19.7058, 17.9948
1041537, 20.0007, 18.5258
1042544, 20.4137, 18.5258
1043549, 20.0597, 18.7028
1044562, 20.5907, 19.1158
1045568, 20.3547, 18.9978
1046571, 20.6497, 18.9388
1047576, 20.4137, 18.7028
1048586, 20.2367, 18.1718
1049591, 20.4727, 17.9358
1050593, 20.2957, 17.8768
1051596, 20.0597, 17.4638
1052608, 20.3547, 17.2868
1053611, 20.2367, 17.4048
1054615, 19.9418, 17.3458
1055618, 20.3547, 17.2278
1056632, 20.2367, 17.5228
1057638, 20.2957, 17.7588
1058641, 20.7087, 17.8178
1059646, 20.7087, 17.9358
1060650, 20.7087, 18.4078
1061666, 21.0037, 18.5258
1062670, 20.7677, 18.5848
1063682, 20.7677, 19.1748
1064687, 20.9447, 19.0568
1065704, 20.4727, 18.8798
1066712, 20.5317, 18.8798
1067717, 20.7677, 18.7618
1068721, 20.4137, 18.2898
1069731, 20.3547, 18.2308
1070736, 20.4727, 18.2898
1071741, 20.2367, 17.9358
1072752, 20.2957, 17.8178
1073765, 20.4727, 18.1128
1074783, 20.4137, 17.9358
1075796, 20.5317, 17.8768
1076807, 20.7677, 18.2898
1077820, 20.4137, 18.3488
1078825, 20.5907, 18.2898
1079830, 20.8267, 18.5258
1080844, 20.4137, 18.8208
1081851, 20.4137, 18.5848
1082853, 20.4727, 18.6438
1083859, 20.0597, 18.6438
1084873, 20.1187, 18.2308
1085880, 20.2367, 17.8768
1086886, 19.8828, 17.9358
1087891, 20.1187, 17.7588
1088906, 20.1777, 17.6408
1089912, 19.9418, 17.8768
1090918, 20.1777, 18.0538
1091923, 20.4727, 17.9948
1092934, 20.2367, 18.1128
1093940, 20.4137, 18.5848
1094948, 20.5907, 18.5258
1095952, 20.2957, 18.5848
1096965, 20.4137, 19.0568
1097972, 20.4727, 18.9978
1098977, 20.2367, 18.9978
1099982, 20.3547, 19.2338
1100993, 20.4727, 19.2338
1101997, 20.0007, 18.8798
1103003, 20.2957, 18.7618
1104007, 20.4137, 18.7028
1105021, 20.0597, 18.2898
1106022, 20.1187, 18.0538
1107028, 20.4727, 18.1718
1108034, 20.2957, 17.9948
1109051, 20.4727, 17.8768
1110055, 20.5907, 18.0538
1111067, 20.2367, 18.0538
1112076, 20.4727, 17.9358
1113079, 20.3547, 18.2308
1114086, 20.0007, 18.4668
1115092, 20.1777, 18.4078
1116098, 20.1777, 18.7618
1117109, 19.9418, 19.1158
1118116, 19.9418, 19.0568
1119121, 19.8828, 19.1748
1120127, 19.5878, 19.4108
1121137, 19.8238, 19.1158
1122143, 19.8238, 18.8798
1123148, 19.6468, 18.8798
1124153, 20.0007, 18.7028
1125164, 20.2367, 18.4078
1126172, 20.0007, 18.5848
1127177, 20.3547, 18.5258
1128182, 20.4727, 18.3488
1129195, 20.2367, 18.3488
1130204, 20.2957, 18.5848
1131208, 20.3547, 18.4668
1132212, 19.9418, 18.5848
1133225, 20.0597, 18.9388
1134229, 20.1777, 18.8208
1135232, 19.7648, 18.8208
1136237, 19.8828, 19.1748
1137253, 19.8238, 18.9388
1138261, 19.5288, 18.5848
1139263, 19.7648, 18.6438
1140267, 20.2957, 18.5258
1141270, 19.9418, 18.1718
1142276, 20.3547, 18.3488
1143282, 20.6497, 18.6438
1144286, 20.2367, 18.4668
1145300, 20.5317, 18.6438
1146307, 20.6497, 19.0568
1147312, 20.2957, 18.8798
1148317, 20.3547, 18.9978
1149331, 20.4137, 19.2338
1150337, 19.9418, 19.2338
1151342, 20.1187, 19.2338
1152351, 20.0597, 19.5878
1153365, 19.6468, 19.4698
1154370, 19.8238, 19.3518
1155374, 20.0007, 19.5288
1156393, 19.8828, 19.1748
1157402, 20.1777, 18.7028
1158405, 20.4727, 18.7028
1159410, 20.1187, 18.5258
1160424, 20.4137, 18.2308
1161430, 20.3547, 18.3488
1162434, 20.1187, 18.4078
1163438, 20.1777, 18.2898
1164446, 20.2957, 18.2898
1165454, 19.7648, 18.6438
1166461, 19.9418, 18.5848
1167467, 20.0007, 18.6438
1168474, 19.6468, 19.3518
1169480, 19.7058, 19.4108
1170485, 19.7648, 19.4108
1171490, 19.4698, 19.9418
1172491, 19.7058, 20.0007
1173499, 19.9418, 19.6468
1174509, 19.7648, 19.5878
1175518, 20.0597, 19.4698
1176521, 20.3547, 19.0568
1177541, 20.0597, 18.9978
1178556, 20.2957, 19.1158
1179571, 20.1187, 18.7028
1180577, 20.0597, 18.9388
1181594, 20.2957, 18.7028
1182599, 19.8238, 18.8208
1183608, 19.8828, 19.0568
1184620, 19.8238, 18.9978
1185627, 19.3518, 19.1158
1186637, 19.2338, 19.5878
1187646, 19.4698, 19.4698
1188651, 19.3518, 19.3518
1189661, 19.5878, 19.5878
1190669, 20.0007, 19.2338
1191677, 19.8828, 18.9388
1192688, 19.9418, 19.1158
1193696, 20.1777, 19.0568
1194703, 20.0007, 18.8208
1195708, 20.0007, 19.0568
1196723, 20.1187, 19.1158
1197739, 19.8238, 18.9388
1198752, 19.7058, 19.0568
1199756, 19.7648, 19.3518
1200765, 19.4108, 19.1748
1201771, 19.2338, 19.3518
1202777, 19.5288, 19.7058
1203782, 19.2928, 19.6468
1204792, 19.2928, 19.8238
1205801, 19.7648, 20.1777
1206804, 19.7058, 20.0007
1207810, 19.5878, 19.8828
1208822, 20.1777, 20.0007
1209827, 20.1187, 19.5878
1210831, 19.9418, 19.4108
1211836, 20.2957, 19.4698
1212852, 20.1187, 19.2928
1213858, 19.8238, 18.9978
1214864, 20.0007, 19.1748
1215867, 19.7648, 19.0568
1216878, 19.3518, 18.9388
1217883, 19.5288, 19.4108
1218890, 19.3518, 19.5878
1219895, 18.9388, 19.5878
1220910, 19.3518, 20.1187
1221916, 19.5288, 20.1777
1222919, 19.2928, 20.2367
1223924, 19.7058, 20.6497
1224937, 20.0597, 20.4137
1225947, 20.0007, 20.1777
1226952, 20.2957, 20.1187
1227956, 20.5317, 20.0007
1228967, 20.3547, 19.6468
1229974, 20.6497, 19.5288
1230982, 20.4727, 19.5288
1231996, 20.1777, 19.1158
1233001, 20.3547, 19.1748
1234021, 20.4137, 19.2338
1235027, 19.8828, 19.1158
1236033, 20.1187, 19.1748
1237051, 20.0007, 19.5878
1238062, 19.8828, 19.4698
1239067, 20.1777, 19.6468
1240071, 20.4727, 20.1187
1241086, 20.1187, 20.0597
1242102, 20.5907, 20.1777
1243103, 20.7677, 20.5317
1244120, 20.4137, 20.2957
1245138, 20.7677, 20.2367
1246152, 20.9447, 20.4727
1247158, 20.4137, 20.1187
1248162, 20.7087, 20.0007
1249177, 20.5907, 20.1187
1250183, 20.3547, 19.7648
1251195, 20.7677, 19.6468
1252207, 20.4137, 19.8238
1253225, 20.2367, 19.5878
1254237, 20.5907, 19.5288
1255240, 20.4727, 19.8238
1256244, 20.3547, 19.5288
1257257, 20.7677, 19.5878
1258264, 20.6497, 19.8238
1259269, 20.5907, 19.4698
1260272, 20.7087, 19.3518
1261282, 20.5317, 19.4698
1262287, 20.7677, 19.0568
1263294, 21.0037, 18.8798
1264298, 20.6497, 19.1158
1265300, 20.5907, 18.9978
1266308, 20.8267, 18.9978
1267312, 20.6497, 19.3518
1268317, 20.5907, 19.5878
1269333, 20.7087, 19.5288
1270340, 20.3547, 20.0597
1271344, 20.4137, 20.1187
1272350, 20.6497, 20.0597
1273365, 20.4137, 20.4727
1274372, 20.4137, 20.4137
1275376, 20.7087, 20.2367
1276389, 20.2957, 20.1777
1277396, 20.1187, 20.0597
1278401, 20.3547, 19.5878
1279407, 20.0007, 19.4108
1280421, 19.9418, 19.2338
1281428, 19.4108, 18.8798
1282433, 19.1158, 18.9388
1283440, 19.3518, 19.0568
1284453, 19.4108, 18.8798
1285459, 18.9978, 18.9978
1286465, 19.1158, 19.3518
1287472, 19.2928, 19.2928
1288486, 19.0568, 19.4108
1289491, 19.2338, 19.8828
1290497, 19.5878, 19.8238
1291504, 19.6468, 20.1187
1292514, 19.7648, 20.4727
1293524, 20.0597, 20.4727
1294529, 20.0007, 20.4137
1295537, 19.9418, 20.5907
1296548, 20.2957, 20.3547
1297555, 19.8828, 20.1187
1298561, 19.6468, 20.2957
1299567, 19.8828, 19.7648
1300585, 19.1158, 20.0007
1301595, 19.4108, 19.7648
1302600, 19.2338, 19.7648
1303606, 18.9978, 20.1187
1304621, 19.1748, 19.8828
1305627, 19.3518, 19.9418
1306634, 18.9978, 20.2957
1307639, 19.6468, 20.1777
1308648, 19.8828, 20.1187
1309658, 19.7058, 20.2367
1310664, 20.0007, 19.9418
1311668, 20.2367, 19.7648
1312679, 19.9418, 19.8828
1313687, 20.0007, 19.7648
1314693, 20.0007, 19.7058
1315700, 19.7058, 20.0597
1316716, 19.7058, 20.0597
1317724, 19.7058, 20.1777
1318731, 19.3518, 20.7087
1319737, 19.2928, 20.7087
1320747, 19.5288, 20.7677
1321755, 19.2338, 21.1807
1322763, 19.4108, 21.0037
1323768, 19.8828, 21.0037
1324781, 19.8828, 21.2987
1325788, 20.0597, 21.0037
1326793, 20.4137, 20.8267
1327803, 20.2367, 20.8857
1328812, 20.3547, 20.4727
1329821, 20.5317, 20.2957
1330828, 20.0597, 20.2957
1331835, 20.0597, 20.0007
1332849, 20.2957, 20.0007
1333856, 19.8828, 20.1187
1334862, 19.8238, 19.9418
1335867, 20.1187, 20.0597
1336883, 19.7648, 20.4137
1337892, 19.8238, 20.2367
1338898, 20.0597, 20.6497
1339905, 19.8238, 21.0037
1340920, 20.0007, 20.9447
1341928, 20.3547, 21.3577
1342937, 20.1187, 21.3577
1343943, 20.1187, 21.1217
1344958, 20.4137, 21.1217
1345966, 20.1187, 20.9447
1346973, 19.9418, 20.7087
1347980, 20.1187, 20.7087
1348994, 19.7648, 20.5317
1350001, 19.7058, 20.3547
1351007, 19.8238, 20.7087
1352014, 19.5878, 20.4727
1353025, 19.3518, 20.2957
1354031, 19.6468, 20.6497
1355036, 19.7648, 20.4137
1356041, 19.7058, 20.4137
1357054, 20.1187, 20.7087
1358063, 20.1777, 20.3547
1359070, 20.1777, 20.1777
1360076, 20.5907, 20.2957
1361093, 20.4727, 19.9418
1362103, 20.4727, 19.9418
1363112, 20.8267, 20.2367
1364118, 20.4137, 20.1777
1365133, 20.3547, 20.3547
1366141, 20.6497, 20.7677
1367147, 20.2957, 20.6497
1368154, 20.1187, 20.8267
1369170, 20.1777, 21.2987
1370178, 19.9418, 21.1217
1371186, 19.7058, 21.3577
1372193, 19.9418, 21.5937
1373206, 19.6468, 21.3577
1374211, 19.7058, 21.3577
1375219, 20.1187, 21.2397
1376226, 19.8828, 20.7677
1377237, 19.6468, 20.5907
1378244, 19.9418, 20.4727
1379249, 19.7058, 20.0597
1380254, 19.6468, 20.0007
1381268, 19.7648, 19.9418
1382274, 19.7058, 19.7648
1383280, 19.4698, 19.9418
1384286, 19.8238, 20.1777
1385294, 19.7648, 20.1187
1386300, 19.4698, 20.6497
1387306, 19.8238, 21.0627
1388314, 19.7058, 21.0627
1389330, 19.5288, 21.5937
1390340, 19.7648, 21.5937
1391348, 20.0007, 21.4167
1392356, 19.7058, 21.5347
1393368, 20.0007, 21.1807
1394376, 19.9418, 20.9447
1395382, 19.7058, 21.0037
1396391, 19.8828, 20.5317
1397397, 20.0007, 20.4137
1398403, 19.6468, 20.4727
1399410, 19.5878, 20.2957
1400422, 19.6468, 20.2367
1401427, 19.4108, 20.5317
1402432, 19.4108, 20.4137
1403436, 19.5288, 20.5317
1404447, 19.3518, 20.8857
1405454, 19.2928, 20.8267
1406461, 19.7058, 20.7677
1407471, 19.4108, 20.8857
1408484, 19.7058, 20.5317
1409491, 20.1187, 20.5907
1410498, 19.8238, 20.8857
1411502, 19.8828, 20.5907
1412513, 20.1777, 20.8857
1413522, 19.8828, 21.0037
1414528, 19.8828, 20.8857
1415533, 19.8828, 21.1217
1416544, 19.4698, 21.1807
1417550, 19.4698, 21.0627
1418556, 19.5878, 21.2987
1419563, 19.2338, 21.2987
1420574, 19.1748, 21.4167
1421584, 19.1158, 21.1807
1422588, 18.7618, 20.7677
1423602, 19.4108, 20.7677
1424619, 19.4108, 20.4137
1425627, 19.2338, 20.1187
1426631, 19.4698, 20.2367
1427635, 19.7058, 20.0597
1428648, 19.2928, 19.8238
1429654, 19.5878, 20.0597
1430659, 19.5878, 20.0007
1431664, 19.3518, 20.0597
1432675, 19.4698, 20.6497
1433681, 19.5288, 20.6497
1434684, 19.2338, 20.8857
1435689, 19.2928, 21.4757
1436699, 19.4108, 21.4167
1437705, 19.0568, 21.4757
1438710, 19.1158, 21.5937
1439717, 19.2928, 21.1807
1440726, 19.0568, 21.1217
1441731, 19.1748, 21.0627
1442735, 19.6468, 20.7087
1443741, 19.3518, 20.8267
1444753, 19.4108, 20.7087
1445759, 19.6468, 20.4137
1446766, 19.3518, 20.7087
1447771, 19.2928, 20.5907
1448783, 19.5288, 20.5317
1449787, 19.3518, 20.8857
1450792, 18.9978, 20.8857
1451798, 19.1748, 20.6497
1452812, 19.1158, 21.1217
1453820, 18.7028, 20.8857
1454827, 18.7618, 20.7087
1455832, 18.8798, 21.0037
1456843, 18.8208, 20.7677
1457850, 18.9978, 20.6497
1458853, 19.2928, 21.0627
1459858, 19.1748, 20.8267
1460871, 19.4108, 20.7087
1461880, 19.5878, 21.0037
1462884, 19.4108, 20.7677
1463889, 19.4698, 20.8267
1464901, 19.5288, 21.1217
1465905, 19.1748, 20.9447
1466908, 19.0568, 21.0627
1467917, 19.0568, 21.2987
1468927, 18.8208, 21.0627
1469933, 18.5848, 21.0627
1470938, 18.7618, 20.9447
1471942, 18.5848, 20.5317
1472954, 18.3488, 20.5317
1473964, 18.7618, 20.3547
1474969, 18.8798, 20.0007
1475972, 18.8798, 20.2367
1476987, 19.1158, 20.1187
1478007, 19.5288, 20.0597
1479014, 19.4108, 20.3547
1480018, 19.5288, 20.5907
1481021, 19.9418, 20.6497
1482031, 19.5878, 21.2397
1483034, 19.5878, 21.2987
1484039, 19.7058, 21.4757
1485049, 19.3518, 21.8887
1486055, 19.1748, 21.6527
1487062, 19.4108, 21.4757
1488066, 19.1158, 21.6527
1489075, 18.8798, 21.2987
1490080, 19.1158, 21.0627
1491089, 18.9388, 21.1217
1492097, 18.7028, 20.8857
1493113, 19.2338, 20.7677
1494120, 19.4108, 20.8267
1495128, 19.3518, 20.5317
1496134, 19.6468, 20.6497
1497142, 19.8238, 20.8857
1498148, 19.6468, 20.6497
1499155, 19.7648, 21.0037
1500164, 19.8828, 21.1217
1501180, 19.5878, 21.0627
1502187, 19.4108, 21.3577
1503201, 19.4108, 21.3577
1504214, 19.1158, 21.1217
1505222, 19.0568, 21.4167
1506237, 19.2338, 21.3577
1507239, 18.8208, 21.1807
1508245, 18.8208, 21.4757
1509258, 19.2928, 21.1217
1510265, 19.1748, 21.0037
1511270, 19.1748, 21.1807
1512278, 19.6468, 20.9447
1513296, 19.7058, 20.9447
1514309, 19.4108, 21.1217
1515320, 19.7648, 20.8857
1516328, 19.6468, 21.0037
1517331, 19.1748, 21.0627
1518341, 19.4108, 20.6497
1519349, 19.1748, 20.4727
1520355, 18.8208, 20.2957
1521371, 18.8798, 19.9418
1522375, 18.9388, 19.7648
1523382, 18.5258, 20.0007
1524393, 18.8798, 19.7058
1525402, 19.1748, 20.0007
1526409, 18.7618, 20.3547
1527415, 18.9978, 20.3547
1528424, 19.4108, 20.7087
1529432, 19.2928, 21.1217
1530438, 19.4698, 21.0627
1531442, 19.8238, 21.4757
1532452, 19.5878, 21.5347
1533460, 19.5288, 21.4167
1534466, 19.8828, 21.7117
1535470, 19.5288, 21.2987
1536483, 19.2928, 21.0037
1537490, 19.5288, 21.0037
1538495, 19.2928, 20.6497
1539503, 18.9978, 20.4137
1540518, 19.2338, 20.4727
1541523, 19.1748, 20.1187
1542531, 18.9388, 19.9418
1543537, 19.1748, 20.0007
1544547, 19.1748, 19.8828
1545552, 19.1158, 19.9418
1546559, 19.4108, 20.4137
1547563, 19.7648, 20.3547
1548571, 19.5878, 21.1807
1549581, 19.7648, 21.1807
1550596, 19.7058, 21.1807
1551604, 19.7648, 21.2987
1552616, 19.6468, 21.0627
1553633, 19.4698, 20.8857
1554639, 19.3518, 21.0627
1555644, 19.4698, 20.6497
1556654, 18.9978, 20.5907
1557662, 18.9978, 20.5907
1558667, 19.2928, 20.3547
1559675, 19.0568, 20.5317
1560694, 19.2338, 20.5907
1561712, 19.4698, 20.5907
1562728, 19.5288, 20.8267
1563739, 19.5288, 20.8857
1564740, 20.1187, 20.8857
1565758, 19.9418, 21.0627
1566766, 19.7648, 20.9447
1567770, 20.2367, 20.5907
1568781, 19.8828, 20.7677
1569789, 19.6468, 20.5907
1570794, 19.7648, 20.3547
1571800, 19.5288, 20.7087
1572817, 19.0568, 20.5907
1573825, 19.1748, 20.4727
1574829, 19.1158, 20.8267
1575837, 18.7028, 20.5907
1576842, 18.8798, 20.6497
1577846, 19.2338, 20.9447
1578853, 18.9388, 20.8857
1579860, 19.4108, 20.8857
1580872, 19.6468, 21.2397
1581880, 19.7058, 21.0037
1582887, 19.7648, 21.0037
1583892, 20.1777, 21.0627
1584903, 20.0007, 20.7677
1585909, 19.8828, 20.4727
1586916, 20.0597, 20.5907
1587926, 19.7058, 20.2367
1588943, 19.6468, 20.1777
1589952, 19.7648, 20.1777
1590958, 19.2928, 19.9418
1591964, 19.1158, 20.0597
1592979, 19.4108, 20.1777
1593986, 18.9978, 20.1187
1594996, 19.0568, 20.4137
1596001, 19.3518, 20.7677
1597009, 19.4698, 20.7087
1598016, 19.4698, 21.0037
1599023, 20.0007, 21.1807
1600028, 20.0007, 20.8267
1601038, 19.8828, 21.0037
1602046, 20.2957, 20.8857
1603055, 20.2367, 20.5907
1604062, 19.8238, 20.7087
1605077, 20.1777, 20.5907
1606087, 20.0007, 20.2957
1607094, 19.7058, 20.5907
1608101, 19.8238, 20.5317
1609116, 19.8828, 20.2957
1610124, 19.4698, 20.6497
1611131, 19.7648, 20.4727
1612167, 19.7648, 20.4137
1613184, 19.6468, 20.7087
1614185, 20.0007, 20.5317
1615191, 20.2367, 20.2957
1616198, 19.9418, 20.5317
1617217, 20.3547, 20.2957
1618224, 20.4137, 20.1187
1619229, 20.1777, 20.3547
1620235, 20.2367, 20.3547
1621239, 20.1777, 20.2367
1622248, 19.7058, 20.6497
1623254, 19.8828, 20.5907
1624261, 19.8238, 20.5907
1625273, 19.5288, 21.0037
1626280, 19.6468, 20.9447
1627286, 19.6468, 21.0627
1628290, 19.2928, 21.4757
1629301, 19.7648, 21.1807
1630309, 20.0007, 21.2397
1631315, 19.9418, 21.3577
1632320, 20.4137, 20.9447
1633335, 20.7677, 20.7087
1634343, 20.5317, 20.5907
1635349, 20.7677, 20.1187
1636355, 21.0037, 19.9418
1637358, 20.4727, 19.9418
1638364, 20.6497, 19.5878
1639371, 20.6497, 19.7058
1640384, 20.0007, 19.8238
1641390, 20.1187, 19.7648
1642397, 20.0597, 20.0007
1643404, 19.7058, 20.5317
1644414, 19.8238, 20.4727
1645421, 19.7648, 21.0037
1646425, 19.4698, 21.3577
1647431, 19.9418, 21.2987
1648441, 20.4137, 21.4757
1649448, 20.1187, 21.4757
1650455, 20.6497, 21.0037
1651462, 20.7677, 21.1807
1652472, 20.4137, 20.9447
1653480, 20.6497, 20.7087
1654487, 20.6497, 20.7087
1655492, 20.2367, 20.4727
1656501, 20.4137, 20.2957
1657508, 20.2957, 20.4727
1658513, 19.8828, 20.2957
1659518, 20.0597, 20.1187
1660529, 20.0007, 20.4137
1661536, 19.7058, 20.3547
1662542, 20.0007, 20.2367
1663549, 20.1777, 20.5907
1664560, 20.0007, 20.4727
1665568, 20.5317, 20.3547
1666572, 20.7087, 20.7677
1667577, 20.5317, 20.5907
1668587, 20.6497, 20.8267
1669594, 20.2957, 20.7087
1670600, 20.5317, 20.7677
1671607, 20.2957, 21.0037
1672616, 20.0007, 20.8267
1673624, 19.9418, 20.8267
1674630, 19.7058, 21.0627
1675634, 19.2928, 20.8267
1676644, 19.5878, 20.8267
1677651, 19.7648, 20.9447
1678657, 19.6468, 20.5317
1679662, 20.0597, 20.4137
1680677, 20.2367, 20.4137
1681684, 20.1187, 19.9418
1682689, 20.4727, 19.8238
1683693, 20.6497, 19.7648
1684703, 20.2957, 19.4698
1685708, 20.5907, 19.4698
1686712, 20.4137, 19.5878
1687719, 20.0007, 19.5878
1688731, 20.1777, 19.8238
1689739, 20.0597, 20.2957
1690744, 19.5878, 20.4137
1691748, 19.7648, 20.7677
1692762, 19.6468, 21.2397
1693769, 19.2928, 21.1217
1694776, 19.8238, 21.3577
1695781, 19.9418, 21.3577
1696789, 19.8828, 21.0037
1697791, 20.2957, 20.8857
1698799, 20.5317, 20.7087
1699804, 20.2957, 20.2957
1700816, 20.5907, 20.2367
1701823, 20.6497, 20.0007
1702830, 20.2367, 19.6468
1703836, 20.5907, 19.7648
1704989, 20.5317, 19.7648
1706004, 20.2367, 19.5878
1707020, 20.3547, 19.9418
1708025, 20.2957, 20.1187
1709038, 19.8828, 20.0597
1710490, 20.0597, 20.4137
1711492, 19.9418, 20.5907
1712507, 19.6468, 20.4137
1713524, 20.0007, 20.7677
1714529, 20.0597, 20.6497
1715535, 20.0007, 20.4137
1716552, 20.2957, 20.7087
1717557, 20.3547, 20.5317
1718561, 20.1187, 20.4137
1719565, 20.4727, 20.5317
1720579, 20.2957, 20.2957
1721588, 20.1777, 20.6497
1722605, 20.2367, 20.5317
1723624, 19.8828, 20.5907
1724642, 20.2367, 20.8857
1725653, 20.0597, 20.7677
1726657, 19.8828, 20.6497
1727662, 20.2367, 21.0037
1728673, 20.2957, 20.5907
1729691, 20.1187, 20.3547
1730707, 20.5907, 20.2957
1731713, 20.7087, 20.0597
1732719, 20.3547, 19.7058
1733735, 20.7677, 20.0007
1734743, 20.7087, 19.7648
1735745, 20.2367, 19.7648
1736755, 20.5317, 20.2367
1737768, 20.2957, 20.2367
1738786, 20.0597, 20.4137
1739793, 20.2367, 21.0037
1740806, 19.8828, 20.8857
1741825, 19.5878, 21.0037
1742841, 19.8828, 21.2987
1743842, 19.6468, 21.1807
1744857, 19.4698, 21.0037
1745859, 20.3547, 21.0037
1746865, 20.1187, 20.6497
1747872, 20.2367, 20.3547
1748890, 20.5907, 20.4137
1749897, 20.5907, 20.0597
1750904, 20.4727, 19.9418
1751911, 20.7087, 20.0007
1752923, 20.4137, 19.5878
1753932, 20.2367, 19.7058
1754946, 20.3547, 19.8238
1755958, 20.0597, 19.6468
1756970, 19.7058, 19.7058
1757985, 19.9418, 20.1777
1758990, 19.6468, 20.0597
1759997, 19.2928, 20.2957
1761007, 19.5878, 20.7087
1762021, 19.6468, 20.4727
1763029, 19.7058, 20.5317
1764037, 20.0597, 20.7087
1765054, 20.2957, 20.3547
1766063, 20.0007, 20.4727
1767069, 20.3547, 20.6497
1768077, 20.4727, 20.2367
1769090, 20.2367, 20.3547
1770097, 20.4727, 20.4727
1771105, 20.3547, 20.3547
1772111, 20.1187, 20.4727
1773129, 20.4137, 20.7087
1774137, 20.2957, 20.5907
1775142, 20.0007, 20.7677
1776149, 20.2957, 20.8857
1777164, 20.2957, 20.7087
1778169, 20.0007, 20.5907
1779175, 20.4137, 20.4137
1780181, 20.4727, 20.0007
1781183, 20.4137, 19.9418
1782190, 20.6497, 19.8828
1783195, 20.5907, 19.6468
1784201, 20.2957, 20.0007
1785217, 20.6497, 20.0597
1786222, 20.3547, 20.1187
1787227, 20.1187, 20.5317
1788232, 20.2367, 20.7677
1789244, 19.9418, 20.7087
1790251, 19.8238, 21.2987
1791256, 20.0007, 21.3577
1792264, 20.0007, 21.1807
1793270, 19.7648, 21.6527
1794281, 20.1777, 21.2987
1795288, 20.0597, 21.0037
1796292, 20.2367, 21.0627
1797300, 20.7677, 20.7087
1798307, 20.6497, 20.4137
1799311, 20.7087, 20.5907
1800317, 21.0037, 20.3547
1801331, 20.8267, 20.1187
1802339, 20.6497, 20.1777
1803348, 20.8267, 19.8828
1804355, 20.5317, 19.8828
1805372, 20.4137, 20.2367
1806377, 20.6497, 20.1187
1807383, 20.1187, 20.3547
1808395, 20.0597, 20.9447
1809405, 20.3547, 21.0037
1810412, 20.0597, 21.0037
1811418, 20.2367, 21.2397
1812438, 20.6497, 20.8857
1813448, 20.4727, 21.0037
1814456, 20.7087, 21.0627
1815464, 21.0037, 20.8267
1816475, 20.7677, 20.8267
1817481, 20.7087, 20.9447
1818489, 21.0037, 20.6497
1819497, 20.5317, 20.9447
1820514, 20.5317, 20.8857
1821523, 20.7087, 20.7677
1822530, 20.1777, 21.1217
1823536, 20.2957, 21.0627
1824552, 20.2367, 20.8857
1825560, 20.0007, 21.2397
1826567, 20.1187, 20.8267
1827576, 20.3547, 20.5317
1828577, 20.1777, 20.2957
1829595, 20.7677, 20.1777
1830605, 20.3547, 20.4137
1831614, 20.5907, 20.3547
1832617, 20.7087, 20.2957
1833633, 20.3547, 20.6497
1834639, 20.4137, 20.5317
1835645, 20.4727, 20.6497
1836657, 20.1187, 21.0627
1837667, 20.2367, 20.9447
1838677, 20.1777, 21.0627
1839684, 19.8238, 21.4167
1840687, 20.1187, 21.2397
1841701, 20.0597, 21.1217
1842708, 19.8828, 21.1217
1843716, 20.1777, 20.6497
1844733, 20.4137, 20.4727
1845742, 20.2957, 20.4137
1846750, 20.5317, 20.1777
1847756, 20.6497, 20.0597
1848772, 20.3547, 20.1187
1849780, 20.7087, 19.8238
1850787, 20.5907, 19.9418
1851795, 20.2957, 20.2367
1852807, 20.4137, 20.1777
1853815, 20.4137, 20.5907
1854822, 20.0007, 20.9447
1855827, 20.3547, 21.0037
1856840, 20.2957, 21.4167
1857850, 20.0007, 21.5937
1858857, 20.1777, 21.4167
1859865, 20.3547, 21.5347
1860877, 20.2367, 21.4167
1861883, 20.7087, 21.0627
1862891, 20.7087, 21.2397
1863899, 20.5317, 20.9447
1864908, 20.8857, 20.6497
1865917, 20.5907, 20.6497
1866928, 20.3547, 20.4727
1867941, 20.6497, 20.2367
1868956, 20.4137, 20.6497
1869960, 20.1187, 20.4727
1870970, 20.3547, 20.5317
1871978, 20.1777, 20.7677
1872983, 19.9418, 20.6497
1873995, 20.2367, 20.6497
1875003, 20.0597, 20.8267
1876013, 20.0007, 20.5907
1877023, 20.4727, 20.4727
1878031, 20.3547, 20.8857
1879044, 20.4727, 20.5907
1880045, 20.8857, 20.7677
1881058, 20.7087, 20.9447
1882073, 20.7087, 20.6497
1883089, 21.0037, 20.8857
1884099, 20.5907, 21.0627
1885118, 20.5907, 20.7677
1886131, 20.7677, 21.1807
1887140, 20.3547, 21.2987
1888150, 20.2957, 21.1807
1889167, 20.4137, 21.6527
1890184, 20.0007, 21.4757
1891191, 20.0597, 21.2987
1892196, 20.7087, 21.4757
1893197, 20.3547, 21.1807
1894202, 20.6497, 20.8857
1895209, 21.1217, 20.9447
1896214, 21.0037, 20.5907
1897227, 21.0627, 20.3547
1898234, 21.4167, 20.4137
1899240, 20.9447, 20.2367
1900245, 21.2397, 20.2957
1901258, 21.1217, 20.7087
1902264, 20.5907, 20.7087
1903270, 20.7677, 21.0037
1904275, 20.5907, 21.5347
1905289, 20.2367, 21.4167
1906297, 20.4137, 21.7117
1907305, 20.2957, 21.8887
1908310, 19.8828, 21.5347
1909320, 20.5317, 21.7117
1910328, 20.4727, 21.4167
1911338, 20.4137, 21.1807
1912345, 21.0627, 21.2397
1913361, 20.8857, 20.9447
1914371, 20.7087, 20.8267
1915381, 21.2987, 20.9447
1916387, 20.8857, 20.6497
1917395, 20.7087, 20.6497
1918400, 20.9447, 20.8267
1919406, 20.7677, 20.6497
1920418, 20.6497, 20.6497
1921427, 20.8267, 20.9447
1922437, 20.4727, 20.7087
1923445, 20.5907, 20.8267
1924456, 20.8857, 21.0037
1925461, 20.6497, 20.8267
1926469, 20.8857, 20.7677
1927476, 21.2987, 20.9447
1928486, 21.0627, 20.5907
1929494, 21.2987, 20.7677
1930501, 21.4167, 20.9447
1931509, 21.1217, 20.6497
1932527, 21.1807, 20.9447
1933535, 21.0627, 21.0627
1934541, 20.5907, 20.8857
1935548, 20.5907, 21.2397
1936550, 20.3547, 21.2397
1937567, 19.9418, 21.1807
1938576, 20.2367, 21.4167
1939585, 20.0597, 20.8857
1940593, 20.5317, 21.0037
1941602, 20.5317, 20.7087
1942606, 20.6497, 20.4727
1943613, 21.1217, 20.5907
1944628, 21.0627, 20.5317
1945635, 21.0627, 20.4727
1946642, 21.4167, 20.9447
1947648, 21.1217, 21.0037
1948659, 20.9447, 21.1217
1949666, 21.1807, 21.5937
1950672, 20.7087, 21.5347
1951678, 20.5907, 21.7707
1952690, 20.5907, 21.9477
1953697, 20.3547, 21.5937
1954703, 20.1777, 21.7707
1955708, 20.2957, 21.4167
1956724, 20.0007, 21.1217
1957731, 20.5317, 21.0037
1958738, 20.9447, 20.6497
1959744, 20.9447, 20.2957
1960753, 21.0627, 20.3547
1961761, 21.4167, 20.1777
1962765, 21.2397, 20.1777
1963772, 21.2987, 20.5907
1964784, 21.2987, 20.4727
1965793, 20.9447, 20.4727
1966800, 21.0627, 20.9447
1967809, 21.0627, 20.8857
1968823, 20.5907, 21.0627
1969830, 20.8857, 21.4757
1970837, 20.8267, 21.4757
1971840, 20.2957, 21.4167
1972853, 20.7677, 21.7707
1973861, 20.7087, 21.4167
1974867, 20.7677, 21.4757
1975875, 21.1807, 21.5937
1976891, 21.1217, 21.1217
1977897, 21.1217, 21.3577
1978902, 21.4167, 21.2397
1979908, 21.0627, 20.9447
1980923, 21.0037, 21.2987
1981931, 21.0627, 21.1217
1982936, 20.6497, 20.9447
1983942, 20.5317, 21.3577
1984958, 20.6497, 21.0627
1985965, 20.1777, 21.0037
1986973, 20.4727, 21.1217
1987981, 20.7087, 20.6497
1988999, 20.4137, 20.5317
1990007, 20.7087, 20.5907
1991012, 21.1807, 20.4137
1992018, 21.0037, 20.4727
1993033, 21.2397, 20.8857
1994042, 21.4757, 20.7677
1995051, 21.0037, 21.1217
1996060, 21.4167, 21.4167
1997074, 21.1807, 21.2397
1998082, 20.8857, 21.5937
1999090, 21.0627, 21.8297
2000097, 20.7677, 21.5347
2001114, 20.4137, 21.8297
2002122, 20.6497, 21.4757
2003129, 20.3547, 21.2397
2004136, 20.1777, 21.1807
2005148, 20.4137, 20.9447
2006154, 20.5907, 20.6497
2007160, 20.5907, 20.7087
2008166, 21.0627, 20.4137
2009183, 20.7677, 20.3547
2010193, 20.9447, 20.5907
2011200, 21.1807, 20.4137
2012207, 20.7677, 20.4137
2013218, 20.8857, 20.8267
2014225, 20.9447, 20.8267
2015230, 20.5907, 21.0627
2016235, 20.6497, 21.4757
2017248, 20.7087, 21.4167
2018255, 20.3547, 21.5347
2019263, 20.4137, 21.7707
2020272, 20.6497, 21.4167
2021289, 20.2957, 21.5347
2022297, 20.5907, 21.4167
2023303, 20.9447, 21.1217
2024309, 20.7677, 21.2397
2025325, 21.0627, 21.0037
2026332, 21.1217, 20.8267
2027338, 20.8267, 21.0627
2028344, 21.0627, 20.9447
2029355, 21.0627, 20.8857
2030361, 20.5907, 21.1807
2031366, 20.8857, 21.0627
2032374, 20.8267, 21.0037
2033390, 20.3547, 21.1217
2034396, 20.5317, 20.7677
2035403, 20.3547, 20.4137
2036418, 20.1777, 20.5907
2037425, 20.4727, 20.2367
2038431, 20.4137, 20.2957
2039440, 20.4137, 20.5907
2040448, 20.8857, 20.4727
2041453, 20.5907, 20.7677
2042467, 20.8267, 21.2397
2043471, 21.0627, 21.1217
2044486, 20.8267, 21.5937
2045492, 20.7087, 21.7707
2046494, 21.0037, 21.7707
2047503, 20.5317, 22.0657
2048515, 20.7087, 22.1247
2049521, 20.8857, 21.8297
2050526, 20.4727, 21.8297
2051531, 20.5317, 21.4757
2052545, 20.7677, 21.1807
2053553, 20.4727, 21.1217
2054557, 20.7087, 20.8857
2055558, 21.0627, 20.7087
2056564, 20.8857, 20.7677
2057573, 21.0627, 20.5317
2058578, 21.3577, 20.4727
2059596, 21.1217, 20.5907
2060615, 21.0627, 21.0037
2061621, 20.7087, 21.4167
2062629, 20.8267, 21.2987
2063638, 20.7087, 21.7707
2064644, 20.2957, 21.7707
2065662, 20.5317, 21.4757
2066664, 20.4137, 21.7117
2067673, 20.1777, 21.4167
2068681, 20.5317, 21.2397
2069690, 20.6497, 21.4167
2070696, 20.5907, 21.1217
2071705, 21.1217, 20.8857
2072717, 21.0037, 21.1217
2073721, 20.9447, 20.8857
2074726, 21.2397, 20.8267
2075731, 20.8857, 21.2397
2076743, 20.7087, 20.8857
2077750, 20.8857, 21.0627
2078756, 20.4727, 21.2987
2079764, 20.4727, 20.9447
2080781, 20.5907, 20.9447
2081786, 20.2367, 20.9447
2082800, 20.3547, 20.6497
2083810, 20.4727, 20.8857
2084821, 20.2957, 21.0627
2085833, 20.5317, 20.9447
2086836, 20.7087, 21.4167
2087843, 20.7087, 21.3577
2088855, 20.8267, 21.3577
2089864, 21.1217, 21.7707
2090870, 20.7087, 21.6527
2091880, 20.8857, 21.6527
2092891, 21.0627, 21.9477
2093902, 20.5907, 21.7707
2094909, 20.8857, 21.8297
2095915, 21.0037, 21.8887
2096930, 20.4137, 21.4757
2097937, 20.6497, 21.3577
2098944, 20.7087, 21.2397
2099946, 20.3547, 20.8857
2100959, 20.7677, 20.8857
2101964, 20.8857, 20.7677
2102969, 20.6497, 20.5317
2103976, 21.2397, 20.7677
2104986, 21.0627, 20.7677
2105991, 21.0037, 20.8267
2106997, 21.2397, 21.4757
2108001, 20.8857, 21.5347
2109013, 20.7677, 21.7117
2110026, 20.9447, 22.1837
2111037, 20.6497, 22.0657
2112045, 20.3547, 22.0067
2113061, 20.5317, 22.1837
2114069, 20.1777, 21.7117
2115073, 20.2367, 21.6527
2116079, 20.4137, 21.5347
2117092, 20.1777, 21.2987
2118101, 20.5317, 21.3577
2119105, 20.7677, 21.2397
2120109, 20.7087, 20.9447
2121123, 20.8857, 21.2397
2122132, 21.2397, 21.0627
2123138, 21.0037, 21.1217
2124143, 21.0037, 21.4167
2125153, 21.2397, 21.3577
2126160, 20.8857, 21.3577
2127168, 21.0037, 21.6527
2128173, 21.0627, 21.2987
2129188, 20.6497, 21.3577
2130193, 20.7087, 21.5937
2131201, 20.7087, 21.3577
2132206, 20.4727, 21.7117
2133210, 20.7087, 21.7707
2134220, 20.8857, 21.5937
2135227, 20.6497, 21.9477
2136230, 21.1807, 21.8887
2137241, 21.0627, 21.8297
2138246, 20.9447, 22.2427
2139251, 21.2987, 22.0067
2140261, 21.0627, 22.1247
2141263, 20.8857, 22.3607
2142282, 21.0627, 21.9477
2143288, 20.7087, 21.8887
2144293, 20.5907, 21.6527
2145297, 20.7087, 21.2397
2146306, 20.4137, 21.3577
2147311, 20.2367, 21.1217
2148321, 20.3547, 20.8857
2149338, 20.1187, 21.0627
2150352, 20.5907, 20.9447
2151360, 20.8267, 20.9447
2152364, 20.5317, 21.4757
2153368, 20.7677, 21.4167
2154374, 20.8857, 21.6527
2155377, 20.5907, 22.1837
2156382, 20.6497, 22.0067
2157398, 20.7087, 22.2427
2158402, 20.2957, 22.3607
2159408, 20.3547, 21.8297
2160420, 20.3547, 22.0067
2161426, 19.9418, 21.7117
2162431, 20.0597, 21.4167
2163436, 20.3547, 21.5937
2164440, 20.0007, 21.2397
2165453, 20.1777, 21.1217
2166459, 20.4727, 21.3577
2167464, 20.2957, 21.1217
2168479, 20.6497, 21.1807
2169485, 20.8267, 21.5937
2170491, 20.5907, 21.2987
2171496, 20.7677, 21.6527
2172507, 20.9447, 21.7707
2173516, 20.4727, 21.6527
2174520, 20.8267, 22.0067
2175527, 20.7677, 22.0067
2176538, 20.4137, 21.8887
2177548, 20.7677, 22.2427
2178555, 20.7087, 22.0657
2179563, 20.4727, 22.0657
2180578, 20.8267, 22.1837
2181586, 20.7087, 21.9477
2182591, 20.6497, 22.1247
2183595, 21.1217, 21.8297
2184606, 20.9447, 22.1837
2185624, 21.4167, 22.1837
2186642, 21.0037, 22.1247
2187653, 21.1217, 22.3607
2188666, 21.2987, 22.0657
2189682, 20.9447, 21.8887
2190689, 20.9447, 21.8297
2191695, 20.9447, 21.3577
2192712, 20.5317, 21.3577
2193721, 20.4727, 21.2987
2194726, 20.9447, 21.0037
2195733, 20.5317, 21.2397
2196746, 20.7677, 21.5347
2197763, 21.1807, 21.4757
2198776, 20.8857, 22.0067
2199793, 21.2987, 22.1837
2200796, 21.4757, 22.3017
2201814, 21.2397, 22.8917
2202818, 21.5937, 22.8327
2203824, 21.4167, 22.9507
2204835, 21.1807, 23.0097
2205841, 21.4167, 22.6557
2206846, 21.0037, 22.7147
2207857, 20.8267, 22.4197
2208871, 21.0037, 22.1837
2209883, 20.6497, 22.1247
2210887, 20.5317, 21.8297
2211890, 20.6497, 21.7117
2212904, 20.3547, 21.7707
2213912, 20.6497, 21.4757
2214917, 21.1217, 21.7117
2215922, 21.0037, 21.7707
2216930, 21.1807, 21.7707
2217936, 21.5347, 22.2427
2218940, 21.2397, 22.3017
2219946, 21.4167, 22.3017
2220963, 21.5347, 22.5967
2221971, 21.0037, 22.3607
2222976, 21.2987, 22.3607
2223980, 21.1217, 22.4197
2224990, 20.7677, 22.0657
2225997, 20.8857, 22.2427
2227004, 20.6497, 22.0657
2228008, 20.3547, 21.8887
2229020, 20.7677, 22.1247
2230028, 20.4727, 21.9477
2231032, 20.5907, 21.7707
2232035, 21.1217, 22.1247
2233047, 21.0627, 21.8297
2234052, 21.1807, 21.7707
2235059, 21.4757, 21.7707
2236062, 21.1807, 21.2987
2237075, 21.1807, 21.2987
2238081, 21.2397, 21.1217
2239090, 21.0037, 20.8857
2240096, 20.9447, 21.2397
2241105, 21.0037, 21.2397
2242111, 20.7087, 21.2397
2243114, 20.6497, 21.8887
2244118, 20.9447, 21.8297
2245132, 20.5317, 22.0067
2246145, 20.8857, 22.4787
2247153, 21.0627, 22.3607
2248159, 21.0037, 22.5967
2249176, 21.4167, 22.7737
2250186, 21.2987, 22.4787
2251193, 21.2397, 22.5967
2252197, 21.5937, 22.3017
2253208, 21.2987, 21.9477
2254213, 21.1807, 21.9477
2255219, 21.3577, 21.5937
2256225, 21.0037, 21.4757
2257229, 21.0037, 21.5347
2258238, 21.2397, 21.2397
2259243, 20.8267, 21.4167
2260248, 21.0037, 21.5347
2261258, 21.0627, 21.4167
2262264, 21.0627, 21.8887
2263269, 21.2987, 22.1247
2264273, 21.6527, 22.1247
2265285, 21.4167, 22.5967
2266289, 21.7707, 22.4197
2267294, 21.8297, 22.3607
2268297, 21.5347, 22.5967
2269307, 21.8297, 22.1247
2270315, 21.5937, 22.2427
2271320, 21.4167, 22.3017
2272327, 21.7707, 21.9477
2273333, 21.2397, 22.2427
2274341, 21.2987, 22.0657
2275347, 21.4167, 22.0067
2276351, 21.1217, 22.2427
2277366, 21.2397, 22.0067
2278371, 21.7117, 22.1247
2279375, 21.4757, 22.2427
2280379, 21.8887, 21.8887
2281395, 21.9477, 21.8297
2282399, 21.7117, 21.7117
2283404, 22.2427, 21.4167
2284413, 21.8887, 21.6527
2285419, 21.6527, 21.5937
2286424, 21.8887, 21.5937
2287428, 21.5937, 22.0067
2288441, 21.6527, 21.8887
2289454, 21.8297, 22.0067
2290456, 21.4757, 22.3607
2291461, 21.6527, 22.1837
2292462, 21.7707, 22.4197
2293469, 21.5347, 22.5967
2294473, 21.9477, 22.4787
2295477, 21.8297, 22.7147
2296490, 21.7707, 22.3607
2297495, 22.0657, 22.0067
2298499, 21.7117, 22.0067
2299503, 21.7117, 21.5937
2300515, 21.7707, 21.3577
2301520, 21.4167, 21.4167
2302525, 21.3577, 21.0037
2303531, 21.4757, 20.9447
2304538, 20.8267, 21.1807
2305542, 20.9447, 20.8857
2306546, 20.8857, 21.4167
2307553, 20.5907, 21.5937
2308564, 21.2397, 21.5937
2309569, 21.2987, 22.1837
2310571, 21.2987, 22.0657
2311578, 21.8887, 22.0657
2312586, 21.8297, 22.2427
2313588, 21.8297, 21.9477
2314593, 22.1837, 22.0067
2315596, 21.8297, 21.5937
2316605, 22.0067, 21.7117
2317610, 21.5347, 21.6527
2318616, 21.5937, 21.4167
2319620, 21.5347, 21.8297
2320624, 21.0627, 21.6527
2321629, 21.2987, 21.7117
2322633, 21.1217, 21.8887
2323636, 20.8857, 21.8297
2324645, 21.7707, 21.6527
2325649, 21.4757, 21.8887
2326653, 21.5347, 21.4167
2327657, 21.9477, 21.3577
2328670, 21.7707, 21.5347
2329675, 21.6527, 21.2987
2330681, 21.9477, 21.5347
2331686, 21.4757, 21.4757
2332703, 21.6527, 21.4167
2333709, 21.7117, 21.7707
2334715, 21.1807, 21.7117
2335719, 21.4757, 21.7707
2336732, 21.4167, 22.3017
2337735, 21.2397, 22.1247
2338739, 21.6527, 22.3017
2339742, 21.5937, 22.5377
2340752, 21.6527, 22.2427
2341759, 22.0657, 22.0657
2342762, 21.8297, 21.8887
2343765, 21.8887, 21.4757
2344779, 22.1837, 21.3577
2345785, 21.8887, 21.1217
2346791, 22.0657, 20.7677
2347795, 22.0657, 20.8267
2348806, 21.7117, 20.8267
2349812, 22.0657, 20.8857
2350816, 21.8297, 21.2987
2351822, 21.5937, 21.4167
2352833, 22.0067, 21.6527
2353837, 21.5937, 22.0657
2354842, 21.8297, 22.0067
2355844, 22.0657, 22.3017
2356855, 21.7117, 22.2427
2357865, 21.8297, 22.0067
2358871, 22.0067, 22.0657
2359872, 21.5347, 21.8297
2360875, 21.7707, 21.5347
2361882, 21.4757, 21.7117
2362884, 21.1807, 21.3577
2363886, 21.4167, 21.2397
2364894, 21.1807, 21.5347
2365899, 21.0627, 21.1807
2366904, 21.2987, 21.2987
2367909, 21.0627, 21.4757
2368919, 21.2397, 21.2397
2369924, 21.5937, 21.3577
2370928, 21.3577, 21.4757
2371930, 21.7117, 21.1217
2372941, 21.9477, 21.2987
2373946, 21.5347, 21.1217
2374949, 21.8297, 20.8857
2375953, 21.7117, 21.2397
2376963, 21.2987, 21.1217
2377970, 21.5937, 21.0627
2378975, 21.2397, 21.2397
2379980, 21.0037, 21.1217
2380986, 21.2397, 21.2397
2381994, 20.8857, 21.5347
2382998, 20.9447, 21.4757
2384004, 21.1217, 21.5347
2385017, 21.0037, 21.7707
2386022, 21.1807, 21.6527
2387026, 21.5347, 21.8887
2388032, 21.3577, 21.6527
2389045, 21.4757, 21.2987
2390048, 21.7117, 21.4167
2391051, 21.4167, 21.1217
2392055, 21.5937, 20.8267
2393069, 21.5937, 20.9447
2394078, 21.2397, 20.8267
2395084, 21.4757, 20.7087
2396090, 21.3577, 21.1807
2397104, 21.1217, 21.1217
2398109, 21.4167, 21.2987
2399117, 21.1807, 21.8887
2400124, 21.2987, 21.7117
2401135, 21.5347, 22.0067
2402140, 21.3577, 22.3017
2403148, 21.6527, 22.0067
2404155, 21.8297, 22.0657
2405165, 21.5347, 21.9477
2406171, 21.7707, 21.5937
2407176, 21.8887, 21.7707
2408182, 21.5347, 21.4757
2409193, 21.8887, 21.4167
2410199, 21.7117, 21.6527
2411206, 21.5937, 21.2987
2412214, 21.7707, 21.4167
2413223, 21.4757, 21.5937
2414228, 21.4167, 21.3577
2415232, 21.7707, 21.4757
2416237, 21.4757, 21.7117
2417251, 21.5347, 21.3577
2418258, 21.9477, 21.7117
2419266, 21.4757, 21.5937
2420272, 21.7117, 21.3577
2421280, 21.7707, 21.5937
2422285, 21.4167, 21.4167
2423290, 21.6527, 21.2987
2424294, 21.4757, 21.5347
2425311, 21.2397, 21.2987
2426321, 21.4757, 21.2397
2427329, 21.2397, 21.5937
2428337, 21.1807, 21.2987
2429352, 21.2987, 21.4167
2430360, 21.1217, 21.6527
2431367, 21.2987, 21.4757
2432373, 21.6527, 21.8297
2433377, 21.4757, 21.8887
2434386, 21.8297, 21.4757
2435392, 22.0657, 21.5347
2436405, 21.8297, 21.2987
2437412, 22.3017, 21.0037
2438415, 22.1837, 21.0037
2439420, 21.8297, 20.9447
2440429, 22.1247, 20.8857
2441446, 21.7117, 21.2397
2442454, 21.6527, 21.1807
2443462, 21.7117, 21.4167
2444477, 21.3577, 21.8297
2445486, 21.3577, 21.7707
2446491, 21.6527, 22.0657
2447498, 21.3577, 22.3607
2448516, 21.7707, 22.1247
2449529, 21.9477, 22.4197
2450550, 21.7707, 22.1837
2451564, 22.1247, 21.7707
2452592, 22.0067, 21.5347
2453613, 22.3017, 21.2397
2454633, 22.0067, 21.4167
2455654, 22.1247, 20.9447
2456680, 22.4197, 20.9447
2457699, 21.9477, 21.0627
2458722, 22.1247, 20.7677
2459745, 21.8887, 21.0037
2460764, 21.5347, 21.1217
2461765, 21.8297, 21.0627
2462782, 21.4757, 21.5937
2463801, 21.5347, 21.7117
2464806, 21.8887, 21.6527
2465828, 21.4757, 21.8887
2466845, 21.4167, 21.8887
2467869, 21.7117, 21.6527
2468886, 21.2987, 21.7707
2469911, 21.3577, 21.5937
2470930, 21.5347, 21.4167
2471949, 21.1217, 21.5937
2472950, 21.4167, 21.2987
2473969, 21.3577, 21.4167
2474988, 20.8857, 21.6527
2476008, 21.3577, 21.4757
2477019, 21.1807, 21.7707
2478024, 21.1217, 21.8887
2479051, 21.6527, 21.7707
2480071, 21.5937, 21.9477
2481082, 21.7707, 21.6527
2482110, 22.0067, 21.3577
2483129, 21.7707, 21.3577
2484146, 21.8887, 21.1807
2485149, 22.0657, 21.1807
2486172, 21.7117, 21.4757
2487193, 21.7707, 21.2987
2488213, 21.8887, 21.3577
2489240, 21.5347, 21.7707
2490263, 21.8887, 21.5347
2491283, 21.7117, 21.9477
2492300, 21.5937, 22.1837
2493326, 21.9477, 22.0067
2494345, 21.7707, 22.5377
2495365, 22.0657, 22.3607
2496383, 22.3017, 22.1837
2497384, 21.8887, 22.3017
2498405, 22.2427, 21.8297
2499431, 22.2427, 21.6527
2500438, 21.9477, 21.5347
2501462, 22.3017, 21.1807
2502483, 21.8297, 21.0037
2503485, 21.7707, 20.8857
2504493, 21.8297, 20.4727
2505510, 21.5347, 20.7087
2506513, 21.5937, 20.7677
2507538, 21.8297, 20.7087
2508539, 21.4757, 21.2397
2509549, 21.7707, 21.4757
2510573, 21.9477, 21.5937
2511598, 21.8887, 22.1247
2512601, 22.1837, 22.0657
2513626, 21.9477, 22.3017
2514644, 22.3017, 21.8887
2515663, 21.8887, 21.8887
2516665, 21.8297, 21.8297
2517686, 22.0067, 21.4757
2518706, 21.4757, 21.5347
2519724, 21.5937, 21.4167
2520725, 21.5347, 21.2397
2521745, 21.3577, 21.4757
2522762, 21.7117, 21.2987
2523780, 21.7117, 21.3577
2524805, 21.7117, 21.4757
2525826, 22.3607, 21.3577
2526851, 22.1837, 21.2987
2527877, 22.2427, 21.3577
2528889, 22.5967, 21.1217
2529899, 22.0657, 21.1217
2530900, 22.2427, 21.2987
2531924, 22.2427, 21.0627
2532938, 21.7707, 21.3577
2533966, 22.0067, 21.5347
2534985, 21.7707, 21.2987
2536011, 21.5937, 21.6527
2537040, 21.7707, 21.6527
2538042, 21.4757, 21.5937
2539060, 21.6527, 22.0067
2540080, 21.9477, 21.8297
2541082, 21.8887, 21.8887
2542103, 22.1837, 22.0067
2543122, 22.4197, 21.6527
2544140, 22.1837, 21.5347
2545149, 22.4787, 21.4757
2546170, 22.3017, 21.0037
2547189, 22.0067, 20.9447
2548206, 22.2427, 20.8267
2549214, 21.9477, 20.4727
2550234, 21.8297, 20.5907
2551253, 21.8297, 20.6497
2552262, 21.4757, 20.5317
2553278, 21.5347, 21.0627
2554292, 21.5937, 21.2397
2555301, 21.5937, 21.3577
2556310, 22.0657, 21.9477
2557323, 22.0657, 21.9477
2558333, 21.9477, 21.9477
2559341, 22.4197, 22.2427
2560352, 22.1837, 21.8887
2561367, 22.1247, 21.7707
2562380, 22.3017, 21.8297
2563390, 21.9477, 21.4167
2564405, 22.0657, 21.4757
2565416, 22.1837, 21.3577
2566428, 21.7117, 21.0627
2567439, 21.8887, 21.2987
2568456, 21.8297, 21.1807
2569465, 21.8297, 20.9447
2570477, 22.3017, 21.2397
2571486, 22.1247, 21.1217
2572504, 22.2427, 21.0627
2573514, 22.5377, 21.2397
2574524, 22.0067, 21.0037
2575537, 22.4197, 20.8857
2576553, 22.2427, 21.1217
2577564, 21.9477, 20.9447
2578576, 22.2427, 20.9447
2579586, 22.0067, 21.2987
2580605, 21.8887, 21.2397
2581619, 21.7707, 21.5937
2582627, 21.9477, 21.4167
2583640, 22.2427, 21.7707
2584658, 22.0067, 21.7117
2585668, 22.5967, 21.6527
2586679, 22.7147, 22.0657
2587690, 22.5967, 21.8887
2588707, 22.9507, 21.8297
2589719, 22.6557, 21.9477
2590729, 22.8327, 21.5937
2591740, 22.7737, 21.2397
2592756, 22.4197, 21.1807
2593770, 22.5967, 20.6497
2594779, 22.4787, 20.5907
2595789, 22.3607, 20.6497
2596805, 22.5967, 20.4137
2597817, 22.1837, 20.7087
2598824, 22.4197, 21.0627
2599836, 22.7737, 21.0037
2600853, 22.5377, 21.5347
2601863, 22.8917, 21.7117
2602870, 22.9507, 21.7707
2603881, 22.7147, 22.1837
2604882, 23.0097, 22.0657
2605900, 22.6557, 21.9477
2606916, 22.4787, 22.0657
2607930, 22.5967, 21.6527
2608943, 22.1247, 21.4167
2609961, 22.1247, 21.4757
2610972, 22.0657, 21.0627
2611984, 21.7117, 20.9447
2613002, 21.9477, 21.0627
2614010, 21.7117, 20.8267
2615013, 21.8887, 20.8857
2616032, 22.4197, 20.9447
2617051, 22.3017, 20.6497
2618064, 22.5377, 20.9447
2619076, 22.7737, 21.0037
2620087, 22.4787, 20.7677
2621107, 22.6557, 21.1807
2622121, 22.5967, 21.1217
2623129, 22.3607, 21.0037
2624140, 22.5377, 21.2397
2625141, 22.0657, 21.1217
2626155, 21.9477, 20.9447
2627168, 22.1247, 21.1807
2628179, 21.7117, 20.9447
2629185, 21.8887, 20.8857
2630197, 22.0657, 21.2987
2631207, 21.9477, 21.1217
2632219, 22.3607, 21.2397
2633221, 22.2427, 21.5347
2634230, 22.1837, 21.2987
2635243, 22.5377, 21.5347
2636254, 22.0657, 21.4757
2637269, 22.0657, 21.1217
2638279, 22.4197, 21.1217
2639290, 21.8297, 20.8857
2640300, 22.0657, 20.4727
2641318, 22.1247, 20.5317
2642331, 21.8297, 20.4727
2643340, 22.2427, 20.2367
2644348, 22.1247, 20.6497
2645364, 22.3607, 20.6497
2646373, 22.7737, 20.8267
2647386, 22.4197, 21.3577
2648398, 22.7147, 21.4757
2649412, 22.7737, 21.5347
2650426, 22.3607, 22.0067
2651436, 22.6557, 21.8297
2652448, 22.4197, 21.7117
2653460, 22.3607, 21.8297
2654472, 22.6557, 21.2987
2655484, 22.3017, 21.0627
2656494, 22.1837, 20.9447
2657509, 22.4197, 20.4727
2658519, 22.0067, 20.4727
2659531, 22.3607, 20.3547
2660545, 22.3607, 20.2367
2661555, 22.3017, 20.4727
2662566, 22.5967, 20.5907
2663579, 22.3017, 20.5907
2664592, 22.4787, 20.8857
2665602, 22.4787, 21.2397
2666614, 22.3017, 21.7117
2667628, 22.2427, 21.7117
2668642, 22.0657, 21.5937
2669654, 22.3607, 21.8887
2670664, 22.0657, 21.6527
2671677, 22.1247, 21.4167
2672688, 22.3017, 21.6527
2673704, 22.1247, 21.2987
2674715, 22.3607, 21.2397
2675725, 22.6557, 21.4167
2676737, 22.2427, 21.0627
2677746, 22.7737, 21.2397
2678756, 22.5967, 21.2987
2679767, 22.4197, 21.0627
2680771, 22.6557, 21.2987
2681782, 22.1247, 21.2397
2682794, 22.1837, 21.0037
2683806, 22.2427, 21.0627
2684824, 21.7707, 20.7087
2685835, 22.0657, 20.4137
2686844, 21.9477, 20.4137
2687853, 21.8297, 20.2957
2688871, 22.1247, 20.2957
2689882, 22.1247, 20.5907
2690892, 22.1837, 20.5907
2691904, 22.4787, 20.7677
2692922, 22.1247, 21.2397
2693934, 22.3607, 21.1807
2694944, 22.4197, 21.3577
2695954, 22.0067, 21.7707
2696955, 22.2427, 21.5347
2697967, 22.0067, 21.7117
2698980, 21.7707, 21.8297
2699987, 21.8887, 21.4167
2701000, 21.6527, 21.4167
2702009, 21.7707, 21.1807
2703017, 21.8887, 20.7677
2704025, 21.7707, 20.8267
2705036, 21.9477, 20.6497
2706044, 22.3017, 20.3547
2707057, 21.9477, 20.2957
2708067, 22.3017, 20.2367
2709068, 22.2427, 20.1777
2710075, 22.0657, 20.5317
2711087, 22.4787, 20.4727
2712096, 22.1837, 20.6497
2713114, 22.1837, 21.0627
2714125, 22.3607, 21.2397
2715136, 21.8887, 21.2987
2716147, 22.0657, 21.4757
2717161, 22.0657, 21.2397
2718170, 21.7707, 21.1807
2719181, 22.1247, 21.3577
2720193, 22.0657, 21.1217
2721208, 21.9477, 21.0627
2722218, 22.4197, 21.2397
2723230, 22.0067, 20.9447
2724242, 22.0067, 21.0037
2725260, 22.3607, 21.2397
2726270, 21.8887, 20.8857
2727279, 21.9477, 21.2397
2728288, 22.1247, 21.1217
2729303, 21.7117, 21.0627
2730313, 22.0657, 21.3577
2731322, 21.7707, 21.1807
2732335, 21.7117, 20.7677
2733336, 22.0067, 20.8267
2734347, 21.8297, 20.5317
2735355, 22.0067, 20.4137
2736365, 22.3017, 20.7087
2737366, 22.1247, 20.6497
2738376, 22.4197, 20.7087
2739384, 22.4787, 21.1217
2740400, 22.3017, 21.0037
2741416, 22.5967, 21.1217
2742431, 22.2427, 21.4757
2743445, 22.3607, 21.4757
2744461, 22.4787, 21.5937
2745480, 22.0657, 21.9477
2746493, 22.1247, 21.6527
2747503, 22.3017, 21.8297
2748506, 22.1247, 21.6527
2749521, 22.3607, 21.2987
2750531, 22.4197, 21.2987
2751542, 22.4787, 21.0037
2752547, 22.8917, 20.8267
2753558, 22.5967, 21.0037
2754573, 22.7147, 20.7087
2755574, 22.9507, 20.5317
2756582, 22.5377, 20.8267
2757591, 22.9507, 20.7677
2758604, 22.7737, 21.4167
2759615, 22.8327, 21.4757
2760617, 22.4197, 21.5937
2761628, 22.4787, 22.0067
2762635, 22.5967, 21.5937
2763642, 22.0657, 21.6527
2764660, 22.4787, 21.5937
2765668, 22.5377, 21.2987
2766677, 22.3017, 21.2987
2767686, 22.3017, 21.1217
2768700, 22.0067, 20.7677
2769710, 22.0067, 21.0037
2770719, 22.0067, 20.7677
2771728, 21.5937, 20.5907
2772747, 21.8887, 20.8857
2773755, 21.7707, 20.7677
2774767, 21.4757, 20.7677
2775777, 21.7117, 21.0037
2776796, 21.5937, 21.0037
2777805, 21.5347, 20.8857
2778817, 21.8887, 21.0627
2779827, 21.7117, 20.7087
2780829, 21.8297, 20.5907
2781839, 22.2427, 20.9447
2782849, 21.8887, 20.6497
2783860, 21.9477, 20.7677
2784874, 22.1247, 20.9447
2785885, 21.9477, 20.8267
2786895, 21.9477, 20.9447
2787907, 21.8887, 21.1807
2788911, 21.8297, 21.0037
2789926, 22.1837, 21.2987
2790936, 21.8297, 21.4757
2791945, 21.9477, 21.2987
2792959, 22.3017, 21.7707
2793971, 22.0657, 21.5937
2794981, 22.4787, 21.3577
2795990, 22.6557, 21.5347
2797006, 22.5377, 21.2397
2798016, 22.9507, 20.9447
2799027, 22.7147, 21.0037
2800039, 22.6557, 20.8857
2801058, 22.8917, 20.5317
2802068, 22.4197, 20.7677
2803077, 22.4787, 20.5907
2804089, 22.4787, 20.7677
2805107, 22.1247, 21.1807
2806117, 22.2427, 21.2397
2807126, 22.0067, 21.5347
2808136, 21.8297, 21.9477
2809154, 22.3017, 21.7707
2810166, 22.1837, 22.0657
2811178, 22.3017, 21.8887
2812191, 22.6557, 21.6527
2813198, 22.3017, 21.7707
2814214, 22.5377, 21.4757
2815224, 22.5377, 21.1807
2816234, 22.2427, 21.1807
2817248, 22.5377, 20.8857
2818261, 22.1837, 20.7677
2819272, 22.1837, 21.0037
2820282, 22.3607, 20.7087
2821299, 22.0067, 20.8267
2822314, 22.2427, 21.1217
2823315, 22.4197, 20.9447
2824332, 22.0067, 21.1217
2825349, 22.5377, 21.5347
2826352, 22.5377, 21.2397
2827362, 22.5377, 21.5937
2828374, 22.8917, 21.5937
2829375, 22.6557, 21.4167
2830384, 22.7147, 21.7117
2831394, 22.8327, 21.5347
2832424, 22.3017, 21.4167
2833431, 22.4787, 21.5347
2834451, 22.0657, 21.3577
2835455, 21.8297, 21.2987
2836469, 22.0067, 21.5937
2837488, 21.6527, 21.3577
2838499, 21.8887, 21.4167
2839509, 22.2427, 21.6527
2840512, 22.0067, 21.4757
2841525, 22.5967, 21.6527
2842535, 22.6557, 21.5347
2843549, 22.5967, 21.1217
2844556, 23.0687, 21.2397
2845558, 22.6557, 20.9447
2846571, 22.5967, 20.5907
2847586, 22.7737, 20.6497
2848587, 22.3607, 20.4727
2849602, 22.3017, 20.3547
2850613, 22.2427, 20.7087
2851629, 22.0657, 20.8267
2852648, 21.8297, 21.2987
2853666, 21.7117, 21.2987
2854676, 22.1837, 21.4757
2855687, 22.3607, 21.7707
2856701, 22.2427, 21.6527
2857715, 22.5967, 21.6527
2858726, 22.3017, 21.6527
2859739, 22.7147, 21.2987
2860757, 22.4787, 21.2397
2861771, 22.3017, 21.0627
2862782, 22.6557, 20.8267
2863795, 22.2427, 20.8267
2864808, 22.1837, 20.7677
2865818, 22.4787, 20.4727
2866828, 21.9477, 20.8267
2867835, 22.2427, 20.7087
2868851, 22.3607, 20.5907
2869861, 22.3017, 20.9447
2870871, 22.7737, 20.9447
2871880, 22.6557, 21.1217
2872894, 22.6557, 21.4757
2873906, 22.9507, 21.4167
2874915, 22.6557, 21.4167
2875924, 22.5967, 21.6527
2876930, 22.7737, 21.4167
2877941, 22.3607, 21.3577
2878952, 22.6557, 21.4757
2879962, 22.3607, 21.1807
2880964, 22.3607, 21.2397
2881975, 22.6557, 21.4167
2882985, 22.3017, 21.0627
2883992, 22.5967, 21.2987
2885008, 22.9507, 21.3577
2886018, 22.8327, 21.1807
2887029, 23.1867, 21.4757
2888039, 22.9507, 21.3577
2889056, 23.0687, 21.0627
2890068, 23.3047, 21.2987
2891080, 22.8917, 20.8857
2892089, 22.8917, 20.5907
2893108, 22.9507, 20.7677
2894123, 22.5377, 20.4727
2895133, 22.8327, 20.5317
2896145, 22.7147, 20.8857
2897163, 22.5967, 20.9447
2898175, 22.9507, 21.1807
2899185, 22.7147, 21.5937
2900196, 23.1867, 21.5347
2901215, 23.2457, 21.8887
2902229, 23.0687, 22.1247
2903243, 23.4817, 22.0067
2904254, 23.1867, 22.3607
2905273, 23.1277, 22.1837
2906288, 23.1867, 21.8297
2907298, 22.7147, 22.0067
2908309, 23.0097, 21.6527
2909326, 22.6557, 21.2987
2910339, 22.4197, 21.2987
2911352, 22.6557, 20.9447
2912361, 22.4197, 20.7677
2913362, 22.4787, 20.8267
2914375, 22.9507, 20.5907
2915389, 22.6557, 20.7087
2916401, 23.2457, 21.0037
2917414, 22.9507, 20.8857
2918425, 23.0097, 21.2987
2919436, 23.1867, 21.6527
2920451, 22.8327, 21.5347
2921464, 23.0687, 21.8887
2922475, 23.0687, 21.7707
2923486, 22.6557, 21.5347
2924499, 22.9507, 21.6527
2925513, 22.7737, 21.4167
2926524, 22.6557, 21.3577
2927538, 22.8917, 21.5347
2928556, 22.7147, 21.3577
2929567, 23.0097, 21.3577
2930578, 23.0097, 21.6527
2931588, 22.7737, 21.2987
2932605, 23.2457, 21.4757
2933616, 22.8917, 21.1807
2934627, 22.8917, 21.2987
2935637, 22.3607, 21.0627
2936645, 22.6557, 20.6497
2937648, 22.3607, 20.6497
2938659, 22.1837, 20.4727
2939668, 22.4787, 20.2367
2940688, 22.2427, 20.6497
2941704, 22.5377, 20.6497
2942713, 22.7737, 20.6497
2943726, 22.7737, 21.1217
2944741, 23.1277, 21.1807
2945751, 23.1867, 21.2987
2946762, 23.0687, 21.7707
2947774, 23.3637, 21.7117
2948792, 23.0097, 21.8887
2949807, 23.2457, 22.2427
2950817, 23.3047, 21.8887
2951828, 22.8917, 21.8887
2952846, 23.4227, 21.7117
2953859, 22.9507, 21.2987
2954868, 22.8917, 21.1807
2955878, 23.0097, 20.8857
2956895, 22.7147, 20.5907
2957910, 23.0097, 20.6497
2958922, 23.0687, 20.5317
2959932, 22.6557, 20.2957
2960944, 23.0097, 20.7677
2961955, 22.7737, 20.7087
2962968, 22.6557, 20.8857
2963977, 22.7147, 21.5347
2964992, 22.4197, 21.5937
2966006, 22.5377, 21.8297
2967020, 22.5967, 22.2427
2968029, 22.2427, 21.9477
2969048, 22.6557, 22.0067
2970059, 22.4787, 22.0657
2971068, 22.5967, 21.7117
2972077, 22.9507, 21.8297
2973095, 22.7737, 21.5937
2974106, 23.0097, 21.3577
2975115, 23.0687, 21.5937
2976125, 23.0097, 21.3577
2977139, 23.2457, 21.2987
2978152, 22.9507, 21.5347
2979163, 23.0687, 21.4167
2980172, 23.0687, 21.5347
2981189, 22.7147, 21.6527
2982200, 22.8327, 21.3577
2983210, 22.6557, 21.2987
2984221, 22.3607, 21.2397
2985234, 22.6557, 20.8267
2986245, 22.5967, 21.0627
2987256, 22.7737, 21.1217
2988265, 23.1277, 21.0037
2989283, 22.7737, 21.3577
2990294, 23.1277, 21.4167
2991305, 23.0097, 21.4167
2992315, 22.8917, 21.7707
2993330, 23.1277, 21.6527
2994342, 22.5377, 21.7707
2995353, 22.6557, 22.0657
2996362, 22.7147, 21.8297
2997380, 22.3017, 22.0657
2998391, 22.4787, 22.1247
2999401, 22.2427, 21.5937
3000425, 22.2427, 21.5347
3001437, 22.7147, 21.3577
3002448, 22.4197, 20.9447
3003458, 22.5377, 21.0627
3004471, 22.7147, 20.8267
3005485, 22.3607, 20.4727
3006496, 22.7147, 20.7087
3007504, 22.5377, 20.5907
3008521, 22.4197, 20.7087
3009535, 22.6557, 21.2397
3010544, 22.4197, 21.2987
3011555, 22.4787, 21.4757
3012568, 22.5967, 22.0067
3013578, 22.2427, 21.9477
3014590, 22.4787, 22.0657
3015599, 22.4197, 22.0657
3016603, 22.1837, 21.7707
3017616, 22.7147, 21.7117
3018627, 22.4197, 21.4757
3019641, 22.6557, 21.7707
3020655, 22.3017, 21.4167
3021668, 22.5967, 21.2987
3022680, 22.4787, 21.6527
3023689, 22.2427, 21.3577
3024704, 22.5377, 21.5347
3025719, 22.2427, 21.6527
3026732, 22.1837, 21.5347
3027741, 22.4787, 21.6527
3028743, 22.2427, 21.7117
3029758, 22.4787, 21.3577
3030768, 22.7147, 21.5347
3031778, 22.4787, 21.5347
3032795, 22.9507, 21.3577
3033806, 22.7737, 21.7707
3034815, 22.7147, 21.5937
3035826, 23.0097, 21.5937
3036839, 22.4787, 21.8887
3037852, 22.6557, 21.7707
3038861, 22.7737, 21.8297
3039872, 22.3607, 22.1247
3040884, 22.6557, 21.9477
3041901, 22.3607, 22.1247
3042916, 22.3017, 22.1837
3043927, 22.7737, 21.8887
3044928, 22.5377, 21.8297
3045941, 22.7147, 21.5347
3046951, 23.0097, 21.1217
3047962, 22.6557, 21.1807
3048981, 23.0687, 20.9447
3049994, 22.8917, 20.8267
3051006, 22.9507, 20.8857
3052016, 23.1867, 20.8267
3053033, 22.9507, 20.8267
3054045, 23.0687, 21.2397
3055058, 23.1277, 21.2987
3056069, 22.7737, 21.5937
3057089, 23.0687, 22.0657
3058103, 22.5967, 22.0067
3059115, 22.5967, 22.2427
3060127, 22.8327, 22.3607
3061144, 22.5377, 21.9477
3062155, 22.7737, 22.1247
3063168, 22.7737, 21.7707
3064185, 22.5377, 21.5347
3065204, 22.8917, 21.5937
3066206, 22.5377, 21.3577
3067217, 22.3607, 21.1807
3068226, 22.5377, 21.4167
3069232, 22.0657, 21.2397
3070242, 22.2427, 21.2397
3071255, 22.2427, 21.4757
3072264, 22.1247, 21.2397
3073281, 22.5377, 21.5347
3074289, 22.3607, 21.6527
3075301, 22.4787, 21.4167
3076319, 22.8917, 21.7117
3077325, 22.5967, 21.7117
3078330, 22.7737, 21.5347
3079343, 22.8917, 21.8887
3080353, 22.5967, 21.6527
3081369, 23.0687, 21.7117
3082386, 22.5967, 21.8887
3083395, 22.5377, 21.5937
3084405, 22.7737, 21.6527
3085418, 22.4197, 21.7707
3086427, 22.4787, 21.5347
3087439, 22.4197, 21.9477
3088454, 22.1247, 21.8887
3089466, 22.5967, 21.8297
3090476, 22.4787, 22.1837
3091490, 22.5967, 21.8887
3092507, 22.8327, 21.5347
3093517, 22.5967, 21.5347
3094529, 22.8327, 21.2397
3095543, 22.8917, 20.8857
3096550, 22.5377, 21.0627
3097569, 22.9507, 20.8267
3098580, 22.4787, 20.9447
3099589, 22.3017, 21.2397
3100608, 22.4787, 21.1217
3101617, 22.0657, 21.8887
3102629, 22.2427, 21.9477
3103639, 22.1247, 22.3607
3104657, 22.5377, 22.4197
3105669, 22.5967, 22.3607
3106681, 22.5967, 22.5967
3107693, 22.8917, 22.1837
3108712, 22.5967, 21.9477
3109723, 22.5377, 22.0067
3110729, 22.7147, 21.7117
3111739, 22.1837, 21.7117
3112754, 22.3607, 21.5347
3113766, 22.2427, 21.2397
3114777, 22.0067, 21.3577
3115788, 22.3607, 21.2397
3116801, 22.1837, 21.1217
3117813, 22.2427, 21.4757
3118821, 22.5377, 21.4757
3119833, 22.4787, 21.7117
3120851, 22.7737, 22.1247
3121860, 22.8917, 22.0657
3122872, 22.5377, 22.1837
3123883, 23.0687, 22.4197
3124886, 22.6557, 22.0657
3125902, 22.6557, 22.3017
3126911, 22.7737, 22.1247
3127920, 22.3017, 21.8297
3128937, 22.5967, 21.9477
3129952, 22.4197, 21.7117
3130967, 22.2427, 21.5937
3131982, 22.5377, 21.8297
3132983, 22.4197, 21.7707
3134000, 22.4197, 21.8297
3135012, 22.9507, 22.1247
3136020, 22.6557, 21.9477
3137035, 22.9507, 22.1247
3138045, 23.0687, 21.9477
3139053, 22.7737, 21.5347
3140062, 23.0097, 21.6527
3141073, 22.7147, 21.4167
3142082, 22.5967, 21.2987
3143096, 22.7737, 21.5347
3144110, 22.4197, 21.4167
3145112, 22.5967, 21.4167
3146129, 22.6557, 21.8297
3147140, 22.4787, 21.6527
3148150, 22.8327, 21.9477
3149151, 22.7737, 22.2427
3150164, 22.9507, 22.0657
3151178, 23.1867, 22.4787
3152179, 22.8327, 22.4197
3153190, 23.1867, 22.2427
3154201, 23.1277, 22.4197
3155211, 22.7737, 22.0657
3156221, 22.9507, 21.7117
3157223, 22.5967, 21.7707
3158239, 22.5377, 21.2987
3159252, 22.5377, 21.2397
3160264, 22.0067, 21.1807
3161281, 22.1837, 20.8267
3162300, 22.0657, 21.0037
3163308, 21.8887, 21.1807
3164319, 22.4197, 21.1217
3165337, 22.1837, 21.6527
3166346, 22.3017, 21.8297
3167356, 22.6557, 21.9477
3168364, 22.3607, 22.3017
3169381, 22.5377, 22.2427
3170390, 22.5377, 22.1837
3171399, 22.2427, 22.4197
3172415, 22.6557, 22.0657
3173426, 22.3607, 22.1247
3174433, 22.1247, 22.1247
3175442, 22.3017, 21.8297
3176454, 22.1837, 22.1247
3177467, 22.3607, 21.9477
3178475, 22.6557, 21.8297
3179484, 22.5377, 22.1837
3180497, 23.0687, 22.0067
3181508, 23.0687, 22.0067
3182517, 22.9507, 22.3017
3183526, 23.3047, 21.8887
3184541, 22.8917, 21.9477
3185554, 22.9507, 21.8887
3186564, 22.8917, 21.4757
3187575, 22.4787, 21.7707
3188588, 22.6557, 21.7117
3189601, 22.3607, 21.5937
3190612, 22.1837, 21.9477
3191620, 22.4197, 21.9477
3192638, 22.4787, 22.3017
3193650, 22.7737, 22.1837
3194656, 22.5377, 22.4787
3195666, 23.0097, 22.5377
3196676, 22.8327, 22.4787
3197695, 22.7737, 22.6557
3198709, 22.9507, 22.3607
3199718, 22.5377, 22.0657
3200737, 22.7147, 22.1837
3201747, 22.6557, 21.7707
3202757, 22.2427, 21.5347
3203765, 22.5377, 21.4757
3204783, 22.3017, 21.1807
3205795, 22.1837, 21.1807
3206803, 22.5377, 21.4167
3207813, 22.3017, 21.2397
3208831, 22.6557, 21.7707
3209841, 22.7737, 21.9477
3210853, 22.5377, 22.0657
3211865, 22.9507, 22.5377
3212880, 22.7147, 22.5377
3213890, 22.5377, 22.5377
3214898, 22.7737, 22.7147
3215906, 22.3607, 22.3607
3216923, 22.4197, 22.3607
3217935, 22.4197, 22.2427
3218947, 22.0657, 22.0067
3219958, 22.2427, 22.1837
3220976, 22.3017, 21.9477
3221987, 22.1837, 21.9477
3222997, 22.8327, 22.2427
3224005, 22.6557, 21.9477
3225025, 22.8327, 22.1247
3226035, 23.0687, 22.2427
3227047, 22.7147, 22.0657
3228058, 23.0097, 22.2427
3229076, 22.8327, 22.1247
3230089, 22.4197, 21.9477
3231102, 22.7737, 22.1837
3232111, 22.3607, 22.0067
3233130, 22.1247, 22.0067
3234141, 22.3017, 22.3607
3235151, 21.8297, 22.1247
3236162, 22.2427, 22.3607
3237178, 22.5377, 22.4787
3238191, 22.2427, 22.3017
3239203, 22.9507, 22.5967
3240216, 22.7147, 22.5377
3241228, 22.8327, 22.4787
3242240, 23.0687, 22.7737
3243251, 22.7147, 22.4197
3244263, 22.9507, 22.3607
3245278, 23.0097, 22.2427
3246290, 22.7737, 21.7707
3247300, 23.0687, 21.8297
3248313, 22.7147, 21.5937
3249314, 22.7147, 21.2987
3250325, 22.8917, 21.4757
3251334, 22.3607, 21.4167
3252342, 22.7147, 21.4757
3253357, 22.6557, 22.0657
3254365, 22.4197, 22.0067
3255377, 22.6557, 22.4787
3256384, 22.4787, 22.8327
3257404, 22.4787, 22.7147
3258414, 22.3607, 23.1867
3259425, 22.0657, 23.0097
3260436, 22.2427, 22.7737
3261450, 22.1837, 22.9507
3262458, 21.6527, 22.5967
3263466, 22.3607, 22.3607
3264483, 21.8887, 22.4197
3265492, 22.0067, 22.0657
3266500, 22.4197, 22.1247
3267508, 22.2427, 22.0067
3268523, 22.4197, 21.8297
3269533, 22.5967, 22.1837
3270542, 22.3017, 22.0067
3271551, 22.6557, 22.0657
3272565, 22.4787, 22.2427
3273574, 22.1247, 21.9477
3274582, 22.3017, 22.1247
3275591, 21.9477, 22.1837
3276608, 21.8887, 21.8887
3277621, 22.0067, 22.0657
3278630, 21.8887, 22.0067
3279638, 22.0657, 22.3607
3280652, 21.7117, 22.1837
3281661, 22.1837, 22.2427
3282671, 22.2427, 22.5967
3283679, 22.3017, 22.4197
3284695, 22.4787, 22.7737
3285707, 22.2427, 22.7737
3286716, 22.4197, 22.7147
3287722, 22.5377, 22.8327
3288735, 22.2427, 22.4197
3289746, 22.4197, 22.2427
3290753, 22.3607, 22.1247
3291761, 22.1247, 21.7117
3292773, 22.4787, 21.6527
3293782, 22.0657, 21.7117
3294789, 22.2427, 21.5347
3295799, 22.4197, 21.8887
3296813, 22.1247, 21.9477
3297824, 22.3017, 22.0067
3298835, 22.5967, 22.4197
3299846, 22.1837, 22.4197
3300861, 22.5377, 22.5377
3301873, 22.3017, 22.8327
3302881, 22.2427, 22.4787
3303895, 22.3017, 22.6557
3304909, 22.0657, 22.4787
3305919, 22.0067, 22.1247
3306928, 22.1837, 22.1837
3307936, 21.6527, 22.0657
3308946, 21.9477, 21.8297
3309953, 21.9477, 21.9477
3310963, 21.7117, 21.6527
3311970, 22.1247, 21.5937
3312986, 22.0067, 21.7117
3313994, 21.8887, 21.4757
3315001, 22.2427, 21.7117
3316010, 21.8887, 21.7117
3317026, 21.9477, 21.7117
3318033, 22.1837, 22.1837
3319040, 21.7117, 21.9477
3320050, 22.0067, 21.8887
3321063, 22.0067, 22.1837
3322074, 21.7117, 21.9477
3323083, 22.1247, 21.8887
3324092, 21.8297, 22.3017
3325110, 21.8887, 21.8887
3326118, 22.2427, 22.1247
3327125, 22.0657, 22.1837
3328133, 22.3017, 22.0067
3329152, 22.7147, 22.3607
3330165, 22.5377, 22.2427
3331175, 22.8917, 22.1837
3332187, 22.8917, 22.5377
3333201, 22.6557, 22.1247
3334217, 22.8917, 22.1247
3335231, 22.5377, 22.0067
3336241, 22.4787, 21.5937
3337249, 22.7147, 21.5937
3338261, 22.0657, 21.5937
3339271, 22.4787, 21.4167
3340282, 22.3017, 21.8887
3341283, 22.2427, 21.8297
3342298, 22.7147, 21.9477
3343308, 22.5967, 22.4197
3344323, 22.8327, 22.4197
3345339, 23.0097, 22.5967
3346351, 22.6557, 22.8917
3347364, 22.9507, 22.7147
3348376, 22.8327, 23.0097
3349377, 22.5377, 22.7147
3350388, 22.8917, 22.4197
3351396, 22.4197, 22.4197
3352417, 22.4787, 22.0657
3353427, 22.4197, 21.7707
3354438, 22.0657, 21.9477
3355449, 22.2427, 21.5347
3356466, 22.1837, 21.6527
3357476, 22.1247, 21.5937
3358485, 22.4787, 21.3577
3359494, 22.3017, 21.6527
3360513, 22.3607, 21.5937
3361526, 22.7147, 21.6527
3362539, 22.3017, 22.0657
3363551, 22.5377, 22.0067
3364569, 22.5377, 22.0657
3365581, 22.3017, 22.2427
3366590, 22.6557, 21.8887
3367598, 22.4197, 22.0067
3368611, 22.3017, 22.0657
3369623, 22.5377, 21.9477
3370632, 22.4787, 21.9477
3371641, 22.7147, 21.8297
3372645, 22.5967, 22.1247
3373654, 22.9507, 21.8887
3374662, 22.7147, 21.8887
3375671, 22.5967, 22.1247
3376688, 22.8917, 21.8887
3377698, 22.3017, 21.8887
3378709, 22.4197, 21.7707
3379717, 22.4787, 21.2987
3380731, 21.8887, 21.3577
3381741, 22.1837, 21.3577
3382752, 22.0657, 21.1217
3383763, 21.8887, 21.5347
3384773, 22.3017, 21.4757
3385788, 22.2427, 21.5347
3386796, 22.5377, 22.0657
3387805, 22.8917, 21.9477
3388824, 22.6557, 21.9477
3389838, 23.0097, 22.3607
3390846, 23.0097, 22.1247
3391855, 22.7147, 22.3607
3392872, 22.8327, 22.3607
3393883, 22.5377, 21.9477
3394895, 22.4197, 21.8887
3395906, 22.3607, 21.6527
3396920, 21.9477, 21.2987
3397930, 22.1247, 21.2397
3398938, 22.1837, 20.8857
3399946, 21.7707, 20.8267
3400959, 22.3017, 20.8267
3401968, 22.1837, 20.7087
3402980, 22.3607, 20.7087
3403989, 22.7737, 21.0037
3405007, 22.4787, 20.8857
3406018, 22.7147, 21.1217
3407026, 22.8327, 21.5937
3408038, 22.3607, 21.4757
3409055, 22.7737, 21.8297
3410069, 22.4197, 21.9477
3411078, 22.1837, 21.6527
3412088, 22.3607, 21.8887
3413094, 22.0067, 21.6527
3414098, 21.8887, 21.5347
3415110, 22.1247, 21.7707
3416120, 22.0657, 21.4757
3417121, 22.5377, 21.3577
3418130, 22.6557, 21.6527
3419139, 22.6557, 21.4167
3420148, 23.0687, 21.4757
3421165, 22.8327, 21.5937
3422175, 22.7737, 21.2987
3423187, 22.9507, 21.5347
3424199, 22.4197, 21.5347
3425213, 22.5967, 21.1217
3426229, 22.3607, 21.2397
3427241, 22.1247, 20.9447
3428251, 22.3607, 20.6497
3429269, 21.9477, 20.8857
3430280, 22.1837, 20.8267
3431289, 22.5377, 20.6497
3432297, 22.4197, 21.0627
3433316, 22.8327, 20.9447
3434324, 22.8917, 20.9447
3435331, 22.8327, 21.4167
3436339, 23.1277, 21.3577
3437354, 22.7737, 21.4757
3438362, 22.8327, 21.8887
3439375, 23.0097, 21.7117
3440386, 22.5377, 22.1247
3441400, 22.7147, 22.1247
3442408, 22.6557, 21.7707
3443422, 22.3607, 21.8297
3444439, 22.7737, 21.4757
3445449, 22.4197, 21.2397
3446450, 22.7147, 21.2987
3447457, 22.9507, 21.0037
3448460, 22.6557, 20.7087
3449468, 22.9507, 20.8267
3450479, 22.8917, 20.6497
3451489, 22.7737, 20.7087
3452505, 22.8917, 21.1807
3453514, 22.5377, 21.1217
3454523, 22.4787, 21.4167
3455531, 22.6557, 21.8887
3456544, 22.2427, 21.7707
3457552, 22.5377, 22.0657
3458560, 22.4787, 22.0067
3459575, 22.3607, 21.7117
3460584, 22.8327, 21.9477
3461587, 22.7737, 21.6527
3462600, 22.9507, 21.4167
3463610, 23.1277, 21.6527
3464611, 22.8327, 21.4167
3465625, 23.1867, 21.5347
3466635, 22.7147, 21.2987
3467644, 22.9507, 21.3577
3468658, 22.6557, 21.5347
3469667, 22.5967, 21.3577
3470676, 22.7147, 21.5347
3471688, 22.2427, 21.5347
3472692, 22.5967, 21.2987
3473698, 22.5967, 21.6527
3474712, 22.5967, 21.5347
3475723, 23.0687, 21.3577
3476738, 22.9507, 21.5937
3477756, 23.1277, 21.5347
3478770, 23.4227, 21.4167
3479785, 23.0097, 21.7117
3480794, 23.3637, 21.4757
3481812, 23.0097, 21.6527
3482827, 22.9507, 21.8297
3483838, 23.1277, 21.6527
3484851, 22.7147, 21.9477
3485870, 22.8327, 21.9477
3486880, 22.8917, 21.7117
3487890, 22.5377, 21.8887
3488903, 23.1277, 21.6527
3489913, 23.0097, 21.4167
3490922, 23.1867, 21.4757
3491932, 23.5407, 21.2397
3492934, 23.2457, 21.0037
3493944, 23.6587, 21.2397
3494953, 23.3047, 21.0037
3495966, 23.0687, 21.1807
3496968, 23.1867, 21.5937
3497981, 22.6557, 21.4167
3498989, 22.6557, 21.7117
3499998, 22.5377, 22.0657
3501014, 22.0657, 21.8297
3502025, 22.3607, 22.2427
3503034, 22.3017, 22.0657
3504043, 22.3607, 21.8297
3505057, 22.7737, 22.0067
3506069, 22.7147, 21.5937
3507078, 22.8327, 21.3577
3508086, 23.1867, 21.4757
3509105, 22.7147, 21.1217
3510115, 23.1277, 21.0037
3511128, 22.8327, 21.1807
3512138, 22.8917, 20.8857
3513155, 22.8917, 20.9447
3514168, 22.5967, 21.0627
3515178, 22.7147, 20.7677
3516187, 22.8917, 21.0627
3517203, 22.4197, 21.0627
3518213, 23.0097, 21.0037
3519221, 22.9507, 21.3577
3520234, 23.0687, 21.3577
3521250, 23.3047, 21.2397
3522260, 23.1277, 21.5937
3523269, 23.3637, 21.4167
3524279, 23.3047, 21.3577
3525295, 22.9507, 21.5937
3526308, 23.3047, 21.4167
3527315, 23.0097, 21.4167
3528325, 23.0097, 21.6527
3529337, 23.2457, 21.4167
3530348, 22.7737, 21.5347
3531359, 23.2457, 21.7707
3532366, 23.1867, 21.4757
3533382, 23.2457, 21.7707
3534391, 23.7177, 21.6527
3535401, 23.4227, 21.4757
3536422, 23.7767, 21.5347
3537432, 23.6587, 21.2987
3538441, 23.4227, 20.8857
3539448, 23.7177, 21.0037
3540460, 23.3047, 20.8267
3541469, 23.4817, 20.7677
3542475, 23.5997, 21.1807
3543487, 23.3637, 21.0627
3544500, 23.7177, 21.2987
3545507, 23.4817, 21.7117
3546515, 23.4227, 21.5937
3547526, 23.7767, 21.8887
3548538, 23.4227, 22.1247
3549549, 23.7767, 21.9477
3550560, 23.4817, 22.1247
3551568, 23.4227, 22.0067
3552585, 23.5407, 21.6527
3553597, 23.0687, 21.7707
3554606, 23.1867, 21.5347
3555617, 23.1277, 21.4167
3556632, 22.7737, 21.2987
3557645, 22.7737, 21.3577
3558653, 22.6557, 21.5937
3559663, 22.9507, 21.2987
3560679, 22.5377, 21.5347
3561691, 23.0687, 21.6527
3562700, 23.0687, 21.4757
3563711, 23.0097, 21.8887
3564726, 23.3637, 21.8297
3565738, 23.1277, 21.7117
3566744, 23.1277, 21.9477
3567751, 23.2457, 21.7707
3568766, 22.8327, 21.8297
3569776, 23.2457, 22.2427
3570784, 22.8917, 22.0657
3571795, 22.7147, 22.3017
3572808, 22.9507, 22.5967
3573823, 22.4787, 22.3607
3574832, 22.7147, 22.5967
3575842, 22.8917, 22.3607
3576856, 22.7147, 22.1837
3577865, 23.2457, 22.4197
3578875, 22.9507, 21.8887
3579883, 23.0097, 21.6527
3580898, 23.2457, 21.4167
3581908, 22.8327, 20.7087
3582917, 23.0687, 20.4727
3583926, 23.0097, 20.4137
3584942, 22.7737, 19.9418
3585952, 23.0097, 20.0597
3586959, 22.7147, 20.3547
3587969, 22.8327, 20.2367
3588982, 22.9507, 20.5907
3589997, 22.6557, 20.8857
3591007, 23.0687, 20.8267
3592019, 23.1277, 21.2987
3593031, 23.1277, 21.4757
3594046, 23.4817, 21.3577
3595055, 23.3047, 21.8297
3596065, 23.3637, 21.5347
3597076, 23.5407, 21.2987
3598084, 23.3047, 21.4167
3599093, 23.5407, 21.0037
3600101, 23.1277, 20.7677
3601119, 23.1277, 20.8857
3602132, 23.2457, 20.6497
3603141, 22.8917, 20.4137
3604150, 23.2457, 20.6497
3605155, 23.1277, 20.4137
3606156, 23.1277, 20.3547
3607166, 23.5407, 20.7087
3608172, 23.1277, 20.6497
3609173, 23.4227, 20.9447
3610187, 23.4817, 21.3577
3611194, 23.0687, 21.2397
3612203, 23.4817, 21.5937
3613209, 23.0687, 21.6527
3614223, 23.1277, 21.2397
3615235, 23.2457, 21.4757
3616251, 22.8327, 21.2397
3617264, 23.1277, 21.0037
3618280, 23.0687, 21.1217
3619294, 23.1277, 20.8857
3620306, 23.5407, 20.7677
3621309, 23.3637, 20.8857
3622323, 23.6587, 20.8267
3623340, 23.7177, 20.7677
3624342, 23.4817, 21.1217
3625354, 23.8357, 20.9447
3626360, 23.4227, 21.0037
3627368, 23.4817, 21.2397
3628379, 23.5407, 20.9447
3629393, 23.1867, 20.6497
3630407, 23.3637, 20.7677
3631417, 23.1277, 20.4137
3632435, 23.2457, 20.3547
3633447, 23.4817, 20.7087
3634460, 23.1867, 20.5317
3635471, 23.6587, 20.7087
3636490, 23.6587, 21.0627
3637505, 23.5407, 21.0037
3638518, 23.7767, 21.2987
3639529, 23.5997, 21.5347
3640547, 23.5997, 21.4167
3641558, 23.6587, 21.8297
3642569, 23.3637, 21.6527
3643580, 23.4227, 21.7117
3644597, 23.0097, 21.7117
3645611, 22.9507, 21.4167
3646620, 23.0097, 21.1217
3647629, 22.8327, 20.8267
3648646, 23.2457, 20.7677
3649658, 23.0687, 20.7677
3650670, 23.4817, 20.4727
3651681, 23.1277, 20.4137
3652688, 23.3637, 20.5907
3653706, 23.4227, 20.4137
3654719, 23.0097, 20.5907
3655730, 23.3047, 21.0037
3656740, 23.0097, 20.8857
3657751, 22.8917, 21.2397
3658761, 23.1867, 21.4757
3659772, 22.7737, 21.2397
3660790, 23.2457, 21.2397
3661802, 23.1277, 21.2397
3662816, 23.1867, 20.8857
3663827, 23.6587, 20.9447
3664846, 23.3637, 20.8267
3665857, 23.5997, 20.5907
3666865, 23.7177, 20.8267
3667878, 23.3637, 20.6497
3668879, 23.6587, 20.4727
3669882, 23.3047, 20.8267
3670893, 23.3637, 20.7087
3671904, 23.4227, 20.7087
3672914, 23.1277, 21.0037
3673926, 23.4227, 20.8857
3674934, 23.3637, 20.7677
3675953, 23.3637, 20.8857
3676959, 23.7767, 20.5317
3677970, 23.6587, 20.4137
3678980, 23.8947, 20.7087
3679995, 24.0127, 20.4727
3681000, 23.8947, 20.5907
3682014, 24.1897, 20.9447
3683023, 23.6587, 20.6497
3684032, 23.8357, 20.8857
3685034, 23.5997, 21.1807
3686044, 23.3637, 20.9447
3687057, 23.5997, 21.2987
3688067, 23.3047, 21.4167
3689082, 23.3047, 21.2987
3690094, 23.5407, 21.5937
3691106, 23.4227, 21.5347
3692117, 23.8947, 21.1807
3693118, 23.6587, 21.1807
3694128, 23.7767, 20.9447
3695139, 24.0717, 20.6497
3696152, 23.5997, 20.8267
3697167, 23.8947, 20.5317
3698180, 23.5407, 20.3547
3699192, 23.4817, 20.4727
3700200, 23.5997, 20.4137
3701212, 23.0097, 20.5317
3702229, 23.3047, 20.8857
3703242, 23.1277, 20.8857
3704253, 23.1867, 21.0627
3705260, 23.4817, 21.5347
3706277, 23.4817, 21.3577
3707286, 23.6587, 21.4167
3708294, 23.8357, 21.4757
3709311, 23.6587, 20.9447
3710324, 23.8947, 20.8267
3711333, 23.5407, 20.7677
3712345, 23.5407, 20.4137
3713356, 23.5997, 20.3547
3714370, 23.1277, 20.3547
3715380, 23.3637, 20.0597
3716392, 23.0687, 20.1777
3717394, 23.0097, 20.2367
3718402, 23.3637, 20.1187
3719410, 23.1277, 20.4727
3720429, 23.5407, 20.5317
3721438, 23.7767, 20.4137
3722450, 23.5997, 20.7677
3723462, 24.1307, 20.8267
3724480, 23.7177, 20.5907
3725491, 23.7767, 20.8857
3726500, 23.7767, 20.8267
3727509, 23.4817, 20.5907
3728522, 23.7177, 20.8857
3729533, 23.3637, 20.7677
3730544, 23.3047, 20.5907
3731553, 23.4817, 20.8267
3732557, 23.1867, 20.5907
3733573, 23.5997, 20.5317
3734586, 23.4817, 20.8857
3735597, 23.5407, 20.7087
3736607, 23.7767, 20.7677
3737623, 23.3637, 21.0627
3738636, 23.7177, 20.9447
3739646, 23.3047, 21.0627
3740665, 23.4817, 20.6497
3741679, 23.0687, 20.3547
3742693, 23.0687, 20.4137
3743703, 23.3047, 20.0597
3744710, 23.0097, 19.9418
3745725, 23.3637, 20.1777
3746737, 23.3637, 19.8828
3747748, 23.4817, 20.1187
3748761, 23.8357, 20.4727
3749777, 23.5407, 20.4727
3750788, 23.8947, 20.8267
3751798, 23.7177, 21.2987
3752818, 23.5997, 21.1807
3753830, 23.6587, 21.6527
3754842, 23.3047, 21.8297
3755851, 23.4227, 21.5937
3756867, 23.1867, 21.8297
3757881, 22.8327, 21.5937
3758892, 23.1277, 21.2397
3759902, 22.7737, 21.1807
3760916, 22.8917, 20.9447
3761927, 23.3047, 20.5907
3762936, 23.1277, 20.5907
3763945, 23.5997, 20.3547
3764963, 23.4227, 20.2957
3765973, 23.4817, 20.3547
3766980, 23.5997, 20.2367
3767988, 23.0687, 20.0597
3769005, 23.1867, 20.5317
3770017, 23.0097, 20.3547
3771027, 22.7737, 20.4727
3772038, 22.9507, 20.9447
3773052, 22.6557, 20.7677
3774064, 22.5967, 20.8267
3775072, 22.8327, 21.0037
3776080, 22.4787, 20.7677
3777097, 22.8917, 20.6497
3778112, 22.8327, 20.8267
3779116, 22.5967, 20.5907
3780132, 22.8327, 20.5907
3781137, 22.5377, 20.7087
3782155, 22.4197, 20.4727
3783165, 22.4787, 20.5907
3784176, 21.8297, 20.7677
3785195, 21.9477, 20.4727
3786209, 21.7117, 20.7677
3787222, 21.2987, 20.8857
3788232, 21.4757, 20.4727
3789245, 21.2987, 20.5907
3790256, 21.0037, 20.4137
3791269, 21.4167, 20.0007
3792271, 21.4757, 20.0597
3793283, 21.4757, 20.0007
3794296, 21.8297, 19.6468
3795302, 21.5937, 19.8828
3796319, 21.6527, 20.0007
3797333, 21.8887, 19.8238
3798349, 21.4167, 20.2367
3799361, 21.6527, 20.4137
3800371, 21.5937, 20.2367
3801376, 21.1217, 20.5317
3802392, 21.3577, 20.5907
3803410, 21.0627, 20.4137
3804442, 20.8857, 20.8267
3805460, 21.1217, 20.7677
3806472, 20.7677, 20.5907
3807486, 20.5317, 20.8857
3808969, 20.8267, 20.5317
3809974, 20.6497, 20.8857
3810990, 20.7677, 20.6497
3811999, 20.2957, 20.4137
3813011, 20.1187, 20.7677
3814030, 20.2367, 20.4727
3815033, 19.7648, 20.2957
3816040, 19.6468, 20.4137
3817137, 19.8238, 20.1777
3818141, 19.4108, 20.0007
3819160, 19.4108, 20.2957
3820162, 19.5878, 20.1777
3821165, 19.3518, 20.0597
3822178, 19.2338, 20.3547
3823188, 19.5288, 20.1777
3824203, 19.2928, 20.1777
3825218, 19.0568, 20.3547
3826230, 19.4108, 20.2367
3827243, 19.1748, 20.0597
3828256, 18.8798, 20.2957
3829259, 18.9978, 20.2957
3830278, 18.9978, 20.0597
3831283, 18.7028, 20.4137
3832287, 18.4078, 20.2367
3833295, 18.5258, 20.2367
3834299, 18.1718, 20.5317
3835302, 18.1718, 20.3547
3836307, 18.2898, 20.3547
3837318, 17.9358, 20.4727
3838320, 17.7588, 20.2367
3839321, 17.8768, 20.0597
3840334, 17.6998, 20.2367
3841346, 17.4048, 20.0007
3842363, 17.6408, 20.0007
3843367, 17.6408, 20.2367
3844377, 17.4048, 20.0597
3845390, 17.2868, 20.1777
3846395, 17.4048, 20.5907
3847398, 17.3458, 20.4137
3848454, 16.9328, 20.6497
3849465, 16.9918, 21.0037
3850470, 16.9918, 20.8857
3851482, 16.6968, 21.0037
3852499, 16.6378, 21.2987
3853509, 16.6968, 21.1807
3854516, 16.6378, 21.1807
3855528, 16.3428, 21.3577
3856549, 16.3428, 21.0627
3857560, 16.4018, 21.2397
3858565, 16.2248, 21.1217
3859571, 16.0478, 20.7677
3860580, 16.1068, 21.0037
3861582, 16.2838, 20.7087
3862601, 15.9888, 20.4727
3863617, 15.8708, 20.5907
3864619, 16.1068, 20.2957
3865623, 15.9298, 20.2957
3866635, 15.6348, 20.6497
3867651, 15.8118, 20.7087
3868653, 15.8118, 21.0037
3869665, 15.4578, 20.9447
3870683, 15.5758, 20.9447
3871684, 15.6938, 21.2397
3872690, 15.7528, 20.9447
3873697, 15.5168, 20.9447
3874711, 15.7528, 21.1217
3875720, 16.0478, 20.7677
3876738, 16.0478, 20.7677
3877757, 15.9888, 21.0037
3878769, 16.1658, 20.7087
3879778, 16.5198, 20.8267
3880784, 16.4608, 21.0627
3881795, 16.4608, 20.6497
3882805, 16.8738, 20.8857
3883816, 16.9328, 20.9447
3884833, 16.6968, 20.5907
3885845, 16.6968, 20.6497
3886854, 16.8148, 20.5907
3887865, 16.6378, 20.2957
3888882, 16.3428, 20.4727
3889895, 16.4018, 20.4727
3890905, 16.4608, 20.2957
3891917, 15.9888, 20.4137
3892921, 15.8708, 20.5317
3893933, 15.8708, 20.2367
3894946, 15.8118, 20.5317
3895957, 15.5758, 20.5907
3896958, 15.4578, 20.4727
3897970, 15.5168, 20.8857
3898980, 15.4578, 20.8857
3899988, 15.1038, 20.8267
3901003, 15.0448, 21.1217
3902013, 15.2808, 21.0037
3903025, 15.2808, 20.9447
3904037, 15.2218, 21.1217
3905055, 15.3398, 20.8857
3906068, 15.6348, 20.7087
3907077, 15.7528, 20.7677
3908089, 15.6348, 20.4727
3909100, 15.8118, 20.2957
3910111, 16.0478, 20.3547
3911123, 16.1068, 20.1777
3912133, 15.9298, 20.1777
3913134, 16.1068, 20.5907
3914146, 16.3428, 20.4727
3915156, 16.0478, 20.7087
3916167, 16.0478, 21.1217
3917181, 16.1068, 20.8857
3918192, 16.1068, 21.1217
3919201, 15.8118, 21.4167
3920214, 15.7528, 21.1217
3921230, 15.8708, 21.2397
3922244, 15.8708, 21.2987
3923252, 15.6348, 20.9447
3924262, 15.6938, 21.0627
3925277, 15.8118, 20.9447
3926288, 15.7528, 20.6497
3927299, 15.5168, 20.8267
3928312, 15.4578, 20.5317
3929330, 15.6348, 20.3547
3930343, 15.3988, 20.4727
3931356, 15.1038, 20.2367
3932371, 15.1628, 19.9418
3933372, 15.2218, 20.1187
3934383, 15.1038, 19.8238
3935393, 14.7498, 19.5878
3936406, 14.8088, 19.7648
3937414, 14.9268, 19.8238
3938427, 14.8088, 19.5288
3939439, 14.5728, 19.8828
3940440, 14.6908, 19.8828
3941449, 14.9858, 19.6468
3942458, 14.9858, 20.0007
3943465, 14.8088, 20.0597
3944485, 14.9268, 19.8238
3945497, 15.3398, 20.2367
3946512, 15.3398, 20.2957
3947520, 15.2808, 20.1187
3948537, 15.4578, 20.5907
3949549, 15.6938, 20.5317
3950561, 15.6348, 20.4137
3951570, 15.3398, 20.5317
3952571, 15.4578, 20.3547
3953586, 15.5168, 20.1187
3954591, 15.4578, 20.2957
3955598, 15.0448, 20.0007
3956599, 15.2218, 19.7058
3957618, 15.1628, 19.8238
3958621, 14.8088, 19.7058
3959631, 14.6318, 19.4698
3960648, 14.9858, 19.9418
3961668, 14.9268, 19.8828
3962676, 14.9268, 20.1777
3963690, 15.1628, 20.4137
3964691, 15.3398, 20.2957
3965702, 15.3988, 20.4727
3966711, 15.3398, 20.5907
3967720, 15.5758, 20.2957
3968737, 15.8708, 20.4727
3969751, 15.6938, 20.4137
3970764, 15.5758, 20.2367
3971781, 15.6938, 20.3547
3972791, 15.8118, 20.1777
3973802, 15.5168, 19.9418
3974813, 15.2808, 20.0597
3975827, 15.2218, 19.9418
3976842, 15.2218, 19.7058
3977843, 14.9858, 19.8828
3978849, 14.6908, 19.8238
3979856, 14.6908, 19.5288
3980863, 14.8088, 19.6468
3981878, 14.4548, 19.7648
3982880, 14.2778, 19.5288
3983886, 14.3368, 19.7058
3984902, 14.2188, 19.8828
3985913, 14.1598, 19.6468
3986931, 14.0418, 19.7648
3987951, 14.2188, 20.0007
3988970, 14.5728, 19.7648
3989990, 14.6318, 19.8238
3990994, 14.5138, 20.0007
3992007, 14.6318, 19.7058
3993013, 15.0448, 19.7648
3994023, 14.9268, 19.8828
3995040, 14.7498, 19.7648
3996060, 14.8088, 19.7648
3997068, 14.8678, 19.9418
3998076, 14.8678, 19.8238
3999095, 14.6318, 19.7058
