0 32 1 0.090
1 1 45 0.120
2 45 11 0.090
3 33 55 0.210
4 55 13 0.100
5 13 3 0.160
6 31 44 0.210
7 30 43 0.210
8 29 0 0.090
9 0 42 0.120
10 42 10 0.090
11 28 54 0.210
12 54 12 0.148
13 2 12 0.210
14 34 46 0.210
15 6 18 0.210
16 8 20 0.210
17 9 21 0.210
18 7 19 0.160
19 35 47 0.210
20 19 39 0.359
21 27 39 0.445
22 21 49 0.168
23 49 39 0.150
24 39 37 0.396
25 51 37 0.215
26 50 37 0.237
27 37 49 0.415
28 51 50 0.100
29 50 25 0.325
30 25 16 0.080
31 16 5 0.210
32 5 17 0.210
33 17 41 0.115
34 41 49 0.275
35 41 23 0.400
36 23 40 0.400
37 40 15 0.115
38 15 4 0.210
39 4 14 0.210
40 14 24 0.080
41 48 40 0.275
42 20 48 0.168
43 48 38 0.150
44 38 18 0.311
45 26 38 0.452
46 38 36 0.387
47 36 46 0.305
48 36 53 0.215
49 53 52 0.100
50 52 10 0.200
51 52 24 0.325
52 24 43 0.316
53 24 25 0.800
54 25 44 0.316
55 50 11 0.200
56 12 53 0.401
57 13 51 0.440
58 22 23 0.615
59 48 36 0.415
60 36 52 0.237
61 37 47 0.305
