0 0.775 0.250
1 2.225 0.250
2 0.160 0.400
3 2.840 0.400
4 1.100 0.950
5 1.900 0.950
6 0.160 1.325
7 2.840 1.325
8 0.825 1.640
9 2.175 1.640
10 0.775 0.460
11 2.225 0.460
12 0.370 0.400
13 2.630 0.400
14 1.100 0.740
15 1.100 1.160
16 1.900 0.740
17 1.900 1.160
18 0.370 1.325
19 2.630 1.325
20 0.825 1.430
21 2.175 1.430
22 1.500 0.660
23 1.500 1.275
24 1.100 0.660
25 1.900 0.660
26 0.400 1.325
27 2.600 1.325
28 0.225 0.160
29 0.775 0.160
30 1.275 0.160
31 1.725 0.160
32 2.225 0.160
33 2.775 0.160
34 0.160 0.875
35 2.840 0.875
36 0.675 0.825
37 2.325 0.825
38 0.675 1.262
39 2.325 1.271
40 1.100 1.275
41 1.900 1.275
42 0.775 0.370
43 1.275 0.370
44 1.725 0.370
45 2.225 0.370
46 0.370 0.875
47 2.630 0.875
48 0.825 1.262
49 2.175 1.262
50 2.225 0.660
51 0.775 0.660
52 0.225 0.370
53 2.775 0.370
54 1.200 0.191
55 1.800 0.191
56 0.400 1.500
57 2.600 1.500
58 1.275 0.580
59 1.725 0.580
