0 , 0.00 , 0.00
2 , 0.00 , 0.00
3 , 0.00 , 0.00
5 , 0.00 , 0.00
6 , 0.00 , 0.00
21 , 0.02 , 0.02
41 , 0.05 , 0.05
59 , 0.06 , 0.08
78 , 0.09 , 0.09
96 , 0.10 , 0.11
115 , 0.13 , 0.13
135 , 0.12 , 0.14
154 , 0.15 , 0.17
175 , 0.16 , 0.16
194 , 0.17 , 0.17
214 , 0.17 , 0.19
233 , 0.20 , 0.21
254 , 0.19 , 0.21
273 , 0.20 , 0.21
293 , 0.20 , 0.23
313 , 0.23 , 0.23
332 , 0.22 , 0.25
352 , 0.22 , 0.25
372 , 0.25 , 0.26
392 , 0.22 , 0.24
411 , 0.26 , 0.28
431 , 0.23 , 0.26
451 , 0.26 , 0.28
471 , 0.24 , 0.26
490 , 0.26 , 0.29
511 , 0.25 , 0.28
530 , 0.26 , 0.28
550 , 0.25 , 0.29
569 , 0.28 , 0.29
590 , 0.25 , 0.28
609 , 0.28 , 0.31
628 , 0.28 , 0.31
649 , 0.28 , 0.28
668 , 0.26 , 0.31
688 , 0.26 , 0.29
708 , 0.29 , 0.31
728 , 0.25 , 0.29
747 , 0.29 , 0.31
767 , 0.28 , 0.31
787 , 0.28 , 0.31
807 , 0.26 , 0.29
826 , 0.28 , 0.32
847 , 0.28 , 0.29
866 , 0.28 , 0.32
885 , 0.28 , 0.32
906 , 0.28 , 0.31
925 , 0.28 , 0.31
945 , 0.28 , 0.31
964 , 0.29 , 0.32
985 , 0.28 , 0.31
1004 , 0.28 , 0.32
1025 , 0.28 , 0.31
1046 , 0.29 , 0.32
1067 , 0.26 , 0.32
1087 , 0.29 , 0.32
1109 , 0.28 , 0.32
1129 , 0.28 , 0.32
1150 , 0.29 , 0.32
1171 , 0.29 , 0.35
1192 , 0.28 , 0.30
1212 , 0.29 , 0.34
1233 , 0.29 , 0.33
1254 , 0.31 , 0.33
1275 , 0.28 , 0.33
1295 , 0.31 , 0.35
1317 , 0.28 , 0.32
1337 , 0.29 , 0.35
1358 , 0.29 , 0.35
1379 , 0.31 , 0.33
1400 , 0.28 , 0.33
1420 , 0.31 , 0.35
1441 , 0.31 , 0.35
1462 , 0.28 , 0.30
1482 , 0.31 , 0.35
1504 , 0.29 , 0.33
1524 , 0.29 , 0.32
1545 , 0.29 , 0.33
1565 , 0.31 , 0.34
1587 , 0.29 , 0.32
1607 , 0.29 , 0.34
1628 , 0.29 , 0.32
1649 , 0.31 , 0.32
1670 , 0.28 , 0.33
1690 , 0.31 , 0.34
1712 , 0.29 , 0.30
1732 , 0.29 , 0.34
1753 , 0.31 , 0.32
1774 , 0.31 , 0.34
1795 , 0.28 , 0.32
1815 , 0.31 , 0.34
1837 , 0.29 , 0.32
1857 , 0.29 , 0.32
1878 , 0.31 , 0.32
1898 , 0.31 , 0.34
1920 , 0.29 , 0.30
1940 , 0.29 , 0.34
1961 , 0.29 , 0.32
1982 , 0.31 , 0.32
2003 , 0.28 , 0.32
2023 , 0.31 , 0.34
2045 , 0.29 , 0.30
2065 , 0.29 , 0.34
2086 , 0.29 , 0.32
2107 , 0.31 , 0.34
2128 , 0.28 , 0.30
2148 , 0.31 , 0.34
2170 , 0.31 , 0.31
2190 , 0.29 , 0.32
2211 , 0.29 , 0.32
2231 , 0.31 , 0.34
2252 , 0.32 , 0.32
2273 , 0.28 , 0.32
2293 , 0.31 , 0.34
2315 , 0.29 , 0.30
2335 , 0.29 , 0.34
2356 , 0.31 , 0.32
2377 , 0.31 , 0.32
2398 , 0.28 , 0.32
2418 , 0.31 , 0.34
2440 , 0.31 , 0.32
2460 , 0.29 , 0.32
2481 , 0.29 , 0.31
2502 , 0.31 , 0.34
2523 , 0.29 , 0.30
2543 , 0.31 , 0.34
2564 , 0.29 , 0.32
2585 , 0.32 , 0.31
2606 , 0.28 , 0.32
2626 , 0.31 , 0.34
2648 , 0.31 , 0.30
2668 , 0.29 , 0.34
2689 , 0.31 , 0.31
2710 , 0.31 , 0.32
2731 , 0.28 , 0.32
2751 , 0.32 , 0.34
2773 , 0.29 , 0.32
2793 , 0.31 , 0.32
2814 , 0.29 , 0.32
2835 , 0.32 , 0.32
2856 , 0.28 , 0.30
2876 , 0.32 , 0.34
2897 , 0.29 , 0.32
2918 , 0.31 , 0.32
2939 , 0.29 , 0.32
2959 , 0.31 , 0.32
2981 , 0.31 , 0.30
3001 , 0.29 , 0.34
3022 , 0.31 , 0.32
3043 , 0.31 , 0.31
3064 , 0.28 , 0.32
3084 , 0.32 , 0.34
3105 , 0.31 , 0.34
3126 , 0.29 , 0.30
3146 , 0.31 , 0.32
3168 , 0.31 , 0.32
3188 , 0.29 , 0.32
3209 , 0.31 , 0.32
3229 , 0.31 , 0.34
3251 , 0.31 , 0.29
3271 , 0.29 , 0.34
3292 , 0.31 , 0.32
3313 , 0.31 , 0.32
3334 , 0.29 , 0.32
3354 , 0.32 , 0.34
3376 , 0.29 , 0.30
3396 , 0.31 , 0.32
3417 , 0.29 , 0.32
3438 , 0.32 , 0.34
3459 , 0.28 , 0.30
3479 , 0.32 , 0.34
3501 , 0.29 , 0.31
3521 , 0.31 , 0.32
3542 , 0.29 , 0.32
3562 , 0.32 , 0.34
3584 , 0.29 , 0.29
3604 , 0.29 , 0.34
3625 , 0.31 , 0.32
3646 , 0.31 , 0.32
3667 , 0.29 , 0.31
3687 , 0.31 , 0.34
3709 , 0.31 , 0.30
3729 , 0.29 , 0.34
3750 , 0.31 , 0.31
3771 , 0.31 , 0.34
3792 , 0.29 , 0.30
3812 , 0.31 , 0.34
3834 , 0.31 , 0.32
3854 , 0.29 , 0.32
3875 , 0.31 , 0.32
3895 , 0.31 , 0.34
3916 , 0.32 , 0.32
3937 , 0.28 , 0.31
3957 , 0.32 , 0.34
3979 , 0.29 , 0.30
3999 , 0.31 , 0.34
4020 , 0.29 , 0.32
4041 , 0.32 , 0.32
4062 , 0.28 , 0.32
4082 , 0.32 , 0.34
4104 , 0.29 , 0.31
4124 , 0.31 , 0.32
4145 , 0.29 , 0.32
4166 , 0.32 , 0.34
4187 , 0.28 , 0.30
4207 , 0.32 , 0.34
4228 , 0.29 , 0.32
4249 , 0.32 , 0.32
4270 , 0.28 , 0.32
4290 , 0.32 , 0.34
4312 , 0.29 , 0.30
4332 , 0.31 , 0.34
4353 , 0.31 , 0.32
4374 , 0.31 , 0.32
4395 , 0.29 , 0.32
4415 , 0.31 , 0.34
4437 , 0.31 , 0.32
4457 , 0.29 , 0.32
4478 , 0.31 , 0.32
4499 , 0.31 , 0.34
4520 , 0.28 , 0.30
4540 , 0.32 , 0.34
4561 , 0.29 , 0.32
4582 , 0.32 , 0.31
4603 , 0.28 , 0.32
4623 , 0.32 , 0.34
4645 , 0.29 , 0.30
4665 , 0.29 , 0.32
4686 , 0.31 , 0.32
4707 , 0.31 , 0.32
4728 , 0.28 , 0.32
4748 , 0.32 , 0.32
4769 , 0.31 , 0.34
4790 , 0.29 , 0.30
4810 , 0.31 , 0.34
4832 , 0.31 , 0.32
4852 , 0.29 , 0.32
4873 , 0.31 , 0.32
4893 , 0.31 , 0.32
4915 , 0.31 , 0.30
4935 , 0.29 , 0.34
4956 , 0.31 , 0.32
4977 , 0.31 , 0.32
4998 , 0.29 , 0.32
5018 , 0.31 , 0.34
5040 , 0.31 , 0.30
5060 , 0.29 , 0.32
5081 , 0.31 , 0.32
5102 , 0.31 , 0.34
5123 , 0.29 , 0.30
5143 , 0.31 , 0.34
5165 , 0.31 , 0.32
5185 , 0.29 , 0.32
5206 , 0.31 , 0.32
5226 , 0.31 , 0.34
5248 , 0.31 , 0.30
5268 , 0.31 , 0.34
5289 , 0.29 , 0.32
5310 , 0.32 , 0.32
5331 , 0.28 , 0.32
5351 , 0.32 , 0.34